500 3488.73 3688.47 2181.53 3008.13 2533.67
600 3665.53 4287.73 3527.07 3533.67 3844.07
700 5210.67 4113.33 4117.93 3927.2 4849.93
800 5510.27 5770.8 5329.47 5587.33 3644.27
900 4356.07 6457 4100.87 5028 4740.67
1000 5172 5036.33 5098.87 6452.67 6738.2
1100 5522.73 5740.13 5625.4 6463.87 5014.87
1200 7043.13 7059.87 5882.67 5690.47 6351.4
1300 11230.4 7603.13 8111.47 10035.7 9479.67
1400 10245.9 8332.2 8695.47 8429.27 11966.5
1500 10522.7 10733.3 8715.67 8249.13 8854
1600 11745 9918.07 8780.8 9457.53 13541.9
1700 11489.3 12431.3 12298.5 11850.9 13015.3
1800 9910.33 11731.3 10796.8 9425.33 13201.7
1900 11714.7 11468.2 11443.7 14531.5 13265.9
2000 11592.1 11532.1 14636.8 15285.7 12867.9
2100 13916 20998.7 12387.9 15259.9 18750.9
2200 15962.6 18178.9 25761.7 15576.6 16405.1
2300 20919.3 13606.7 12364.3 13122.5 14144.7
2400 24798.9 13842.7 23690.6 15379.6 14927.3
2500 17462.9 12406.6 16099.5 16655.9 16350.9
2600 13369.7 12388.7 13514.7 13315.1 16945.5
2700 16814.7 17943.7 16802 17671.9 12891.9
2800 15269.5 14630.1 14727.6 15200.5 14212.7
2900 15439.2 17446.9 20104.6 16774.9 18637
3000 16526.6 14362.1 15189.2 16526.4 16583.1
3100 15948.9 16081.9 17912.7 16874.6 15583.7
3200 20898.8 19006.1 19673.9 15624.4 17172.4
3300 18482.5 18238.9 16619.3 17196.5 21900.5
3400 18368.1 16897.5 20128.3 16812.9 20356.6
3500 22306.7 21377.3 18122 22460.7 21259
3600 17204.1 19535.9 18905.5 20155.9 23019.1
3700 17741.2 21075.7 21506.3 20935.3 19986.9
3800 23114.8 21575 18859.9 19401.3 22084.4
3900 25667.7 19571.7 22674.5 22873.9 21045.7
4000 25222.2 19687.4 20079 26879.3 22421.8
4100 27508 27126.7 23518.2 23157.3 25023.6
4200 25306.3 21278.9 27745.7 21852.4 27220.7
4300 27909.6 22245.2 27885.3 22111.3 27925.6
4400 31278.9 25508.7 27598.3 21897.9 26557.1
4500 22367.9 27316.3 27578.6 28504.4 26088.7
4600 26404.6 24923.9 27036.5 26820.2 24316.8
4700 30150.3 25470.5 24748.6 28814.9 29769.5
4800 28656.9 27428.5 25188.5 26898.4 31724.1
4900 25457 27306.3 32121.3 24552.8 29825.9
5000 24402.3 29650 28637.7 25104.9 28398.3
5100 26846.1 29959.1 29853.5 29305.1 27809
5200 32047.9 26903.1 27193 29813.1 26372.7
5300 31091.4 29648.1 36320.5 31988.3 29176.5
5400 34122.7 31470.6 29989.5 30546.3 27985.9
5500 32779.7 32411.8 30757.2 32805.5 36663.2
5600 28456.5 30547.5 33121.3 32428.5 36245.5
5700 32709.5 31666.7 32032.9 28591.3 29873.1
5800 32929 35149.3 30444.9 33989.1 34389
5900 31631.3 35437.4 31673.1 32421.3 33703.9
6000 34566.3 32639.3 34508.5 33579.3 34480.8
6100 33213.5 31751.1 34339.2 46761.7 41917.1
6200 36193.9 32259.2 33989.6 36562.1 41696.7
6300 52714.1 40657.2 36073.4 41087.1 33494.9
6400 43309.4 37760.1 45146.1 48308.2 46993.5
6500 44562.1 36967.1 49482 38540 37199.8
6600 36580.9 39137.6 37758.1 39089.1 43252.7
6700 40358.3 40151.5 38113.3 39331.6 38405.3
6800 41123.4 47570.3 43935.4 49663.7 47932.8
6900 43396.8 38872.2 45229.1 46572.2 44947.5
7000 46565.7 46389.5 46794.5 45066.8 45501.4
7100 46484 44356.2 50597.6 45158.8 44939.9
7200 44308.1 42930 45808.7 45313.7 54958.1
7300 45512.3 45084 42381.5 40461.5 40951.3
7400 44276.9 43849.5 49158.9 51485.6 41339.5
7500 46517.8 48127.3 46554.3 44401 45194.7
7600 44469.3 42501.1 47798.1 42063.7 47550
7700 45021.5 52695.3 45341.8 49357.3 46225.5
7800 45747.1 47506.5 56103.9 43936.1 45716.9
7900 46194.3 43561.9 44146.7 43881.7 47154.2
8000 46765.5 47038.6 49564.5 50109.7 44650.9
8100 47662.6 49894.5 55037.6 47589.9 45147.6
8200 44825.7 45689.3 49135.4 48342.3 46664.6
8300 52415.1 53749.9 48002.2 49057.9 50511.3
8400 46753.4 49021.3 49255.8 51060.9 49469.1
8500 48298.8 58564.1 51815.5 50843.1 48491.1
8600 50393.5 49501.6 50848.3 49698 48935.4
8700 56260.5 49795.3 54017.9 56520.3 55111.6
8800 58063 57733.4 54554.1 54136 60357
8900 58441.5 54353.5 62063.7 56324.3 54573.3
9000 60104.1 55182.7 55715.7 56484.1 60512.5
9100 57325.1 59908.7 57605.9 61873.9 51224.1
9200 64531.5 54839.5 55817.7 58457.1 55326.9
9300 54103.3 59957 51394.3 56169.2 59828.5
9400 54460.5 55720.9 53910.7 58817.4 52733.8
9500 55003.7 57966.5 53486.7 56319.3 54608.3
9600 53506.6 55694.7 55760.9 51799.8 53300.3
9700 63413.2 62535.1 63336.3 62371.1 60386.5
9800 54527.5 55015.6 57047.9 58712.3 53569.5
9900 60806.3 57853.9 62242.4 55485.3 59442.8
10000 56224.7 56086.8 58616.3 56436.4 55398.7
10100 60470.5 57320.4 59904.4 60617.9 57968.5
10200 55577.8 66720.9 60321.1 56277.8 60910.6
10300 69784.9 66403.4 80278.3 66407.9 63469.6
10400 65336.3 64895.1 65904.8 63402.9 73674.5
10500 64264.9 62331.3 68195.8 73085.9 67016.7
10600 64736.7 60165.9 60702.4 66066.7 62882.3
10700 60923.1 61969.8 64538.5 63880 61440.4
10800 64379.5 65126.1 64141.2 65670.7 61981.3
10900 63333.6 65490.1 68554.9 67358.4 66956.5
11000 81238.2 71870.1 78555.9 61225.6 71535.9
11100 67282.5 64154.2 67574.1 68129.7 74238.3
11200 70522.7 71037.5 67865 94135.4 74421.3
11300 73279.1 74617.1 73389.8 72051.2 79188.8
11400 65679.4 67020.2 74790.7 72957.9 76593.7
11500 62492.6 67716.5 71779.3 69448.3 69982.5
11600 76425.7 82283 74505.1 80827.7 67268.3
11700 76968.8 80514.2 74350.8 75903.1 79816.5
11800 79644.7 84656.9 77689.1 82105.8 66684.5
11900 65389.4 67072.7 68404 73371.5 67841.4
12000 68408.7 75068.6 69853.7 68865.7 67041.4
12100 70648.1 78077 76662.8 69782.1 65912.9
12200 72554.8 80060.3 77935.9 75129.4 76209.3
12300 84535.7 86852.3 80847.3 69313.9 68967.2
12400 81921.3 74829.1 73703.1 75178.1 77450.8
12500 75308.7 77751 70038.5 74309.3 78883.9
12600 73149.4 74519 77269.1 76311.7 81092.9
12700 72487.2 76063.1 76965.9 72512.8 85166.4
12800 83055.7 81632.9 89608.2 82448 89058.7
12900 82264.7 79329.7 81001.9 80616.8 86424.4
13000 84900.1 84772.3 80237.6 76653.9 79663
13100 75937 77056.7 79144.7 74533.5 77224.3
13200 78708.9 82880.7 72195.9 76177.7 77459.7
13300 85183.7 81393.7 82125.7 80156.5 81774.1
13400 79821.9 88125.1 86253.3 81384.8 90071.7
13500 83653.1 82035 88947 80469 78130.4
13600 95828.9 85892.7 75536.1 77031.6 78854.3
13700 83434.9 99921.9 84329.1 80475.5 85417.5
13800 78898.9 80877.5 78369.3 91757.5 92938.6
13900 91047.9 91612.5 92202.9 87157.7 88955.2
14000 92059.1 92453.9 91794.7 84143.3 88364.3
14100 87136 85264.2 82577.1 85792.6 87475.2
14200 81628.7 88205.2 86062.9 96369.9 86062.1
14300 87983.6 81983.3 82709.8 86749.4 90511.1
14400 84074.1 87694.1 82298.7 85305.7 98588.9
14500 82785.5 89128.8 84371.3 88707.7 82478.9
14600 90897.7 89190.1 87709.6 97579 86933.7
14700 87561.1 89130.7 82504.1 91524.7 87283.9
14800 83316.8 88188.1 89699.3 101655 93764.3
14900 117503 96682.1 114427 103046 98296.6
15000 96906.1 101017 99555.7 97721.9 87907.1
15100 87955.1 87757 97547.5 89681.6 89712.7
15200 92597.9 93735.3 88194.5 92991.1 92806.1
15300 87904.1 96545.4 91536.1 86587.8 95815.9
15400 89062.3 92694.2 99043.2 91535.9 88436.9
15500 87111.5 92740.7 89480.1 92589.2 90425.9
15600 97522.8 95671.4 96941.3 97771.7 89571.3
15700 89828.5 97470.2 89732.2 87122.9 96762.3
15800 100945 98718.1 101669 113645 102271
15900 102112 99793 101775 104118 106788
16000 100534 100941 96406.7 99008.4 94538.9
16100 91416.2 96575.6 110941 97949.3 97815.7
16200 96352.8 97951.5 95232.3 97109.3 95158.5
16300 95410.8 98840.5 90681.8 107111 97158.8
16400 92736.3 96855.1 97862 93440.7 98311
16500 97430.9 99358.6 96713.3 98884.8 98100.7
16600 99125.3 105970 98603.8 106660 103988
16700 112264 106204 104815 108838 109215
16800 115254 110501 112717 118674 107587
16900 99295.7 104294 115041 100045 104122
17000 107676 113072 108878 109041 108598
17100 103392 117549 121067 112198 95653
17200 87285.5 84298.1 81362.7 77637.7 79257
17300 78957.9 78532.3 78427.5 79258.9 77906.5
17400 79112.8 80333.5 78962.7 79022.9 78591.8
17500 79753.9 80102.5 79990.3 79350.4 79850.7
17600 80575.9 79980.8 80626.7 79862.8 80605.3
17700 81315.9 80963.5 80531.6 81071.6 80868.2
17800 81772.3 81222.5 82281.5 81246.2 82508.1
17900 82348.9 81885.7 84287.3 81275.3 81742.6
18000 81823.8 81900.5 81520.9 83421.2 82025.8
18100 83633.1 82905 83463.8 82739.1 83045.4
18200 83878.6 83017.8 83156.9 82533.9 82890.2
18300 83524.7 82980.3 88853.9 85799.9 89886.4
18400 85549 85509 85363.6 85732.4 109699
18500 89976 92938.2 88851.6 84284 87684.9
18600 90297 87292.1 89922 93902.1 86007
18700 87640.9 92213.8 88066.3 85925.5 86866.5
18800 89357.9 88181.9 95220.4 89990.3 88090.4
18900 89453 89362.1 88361.4 88939.9 93629.9
19000 90105.5 90148 90047.4 88713.4 87584.5
19100 92298.5 88345.9 88779.6 91033.1 89261.7
19200 91967.7 88498.5 89422.2 89173.8 89882.2
19300 92611.1 93982.5 92935.2 95839.7 96119.5
19400 94435.4 92305.7 91126.9 90671.5 90044.9
19500 92153.3 90017.1 90916.9 90110.5 91068.6
19600 92854.7 90900.7 93276.4 90704.4 93740.5
19700 96644.7 92126.4 91474.3 90447.9 91158.4
19800 94711.9 93406.4 91165.7 91364.3 92220.1
19900 91127.2 91581.3 95097.1 92211.5 91751
20000 92613.9 92538.7 93264.1 94019 94089.1
20100 95605.7 93595.7 92445.7 93483 94641
20200 98547.9 94500.3 93517.9 95995.5 94017.5
20300 93972.9 94906.9 93501.3 94731.5 93773.9
20400 94535.1 95367.9 94608.2 94235.4 94881
20500 95053.9 95595.2 97585.8 95689.1 94484
20600 96226.9 99126.4 96326.3 96130.6 96100.5
20700 95579.7 96986.7 98619.5 100226 98877.3
20800 101106 97702.1 97175.6 96605.5 98851.7
20900 97421.1 97018.5 97067.9 96624.9 96019.8
21000 98144.9 98218.6 98824 97251.9 98597.9
21100 98414.1 97902.3 98386.8 99021.9 97620.7
21200 98661.5 99561.1 99349.1 99571.5 99261.9
21300 100172 99911.7 99467.5 98864.5 98978.9
21400 100847 108969 102042 101002 101102
21500 108225 101057 103979 101957 101580
21600 101206 101435 102952 101021 101589
21700 104584 101770 101637 108452 101383
21800 101354 102862 101747 101117 101356
21900 101329 101952 102516 102369 103463
22000 102796 103140 102814 103793 104727
22100 104109 102260 103709 103692 102298
22200 102997 104042 102600 105062 104116
22300 103978 103685 104188 106009 103966
22400 105068 103936 105978 104266 107816
22500 105954 104992 105316 105526 105580
22600 105620 105444 105111 105981 105455
22700 106131 106405 106919 106236 106236
22800 105765 106650 107261 106670 108928
22900 105806 108329 106769 108177 106252
23000 109717 109244 108416 108663 110074
23100 107372 106969 108915 107499 108442
23200 108539 109116 108341 109448 107919
23300 107714 108990 108316 109466 108391
23400 110389 107843 109663 111870 110546
23500 112844 108009 110874 108761 108535
23600 111361 112045 109838 108850 109645
23700 111271 114927 118897 113135 117142
23800 111951 114856 110240 109851 111356
23900 111698 154732 115824 113090 112700
24000 112266 112073 113608 112819 114091
24100 110906 114587 112623 111584 112346
24200 118733 113630 112064 112701 113241
24300 122398 113901 116362 115037 116452
24400 113639 112226 118457 118143 113275
24500 116801 114927 117467 113796 116764
24600 113900 117958 115058 113709 114631
24700 117474 114779 117827 114322 114446
24800 114526 115835 114929 115428 115653
24900 115694 115723 116657 115904 115274
25000 116349 115438 117597 116837 116049
25100 118521 116526 116825 116391 116036
25200 116147 116566 119587 117777 117535
25300 117763 118715 118129 119698 120311
25400 119323 121653 119178 116991 117233
25500 118747 119851 120649 118594 118742
25600 119475 120553 120099 118883 120070
25700 120599 119157 118593 119318 124429
25800 121091 120115 119942 120662 120895
25900 121063 121388 119680 121648 121058
26000 123199 120277 131227 122999 121263
26100 121194 121498 123111 121656 123561
26200 120874 123032 122726 122278 122650
26300 121693 122745 121819 122376 124368
26400 123246 124363 123525 121599 121786
26500 123848 124785 128070 124327 123944
26600 126283 124495 124299 125772 123763
26700 124007 123558 127141 124064 123143
26800 125375 124811 124350 124347 124303
26900 126467 128655 126677 125139 126479
27000 125345 126210 127592 126142 130663
27100 126219 126615 126372 129590 125501
27200 127741 126740 125741 126972 128166
27300 138414 128575 127724 127920 128535
27400 127795 133671 128637 128991 128011
27500 142627 128409 129397 130257 131020
27600 131082 130844 128410 128930 130469
27700 129075 129764 128511 133264 127534
27800 128795 128456 136465 128168 130101
27900 130389 130451 129629 129116 131514
28000 130571 131270 129049 129325 129882
28100 131658 133934 130514 130978 129876
28200 130789 132429 130328 133204 131320
28300 131636 131048 132398 130949 131898
28400 129833 132324 131991 131774 130305
28500 133223 131153 132516 132713 133287
28600 133347 138509 133497 136710 131803
28700 133723 132484 134366 132802 138707
28800 132178 133441 136026 132491 134761
28900 135311 135981 134767 133824 135898
29000 135034 133010 134843 133535 133703
29100 135113 135703 133663 135376 134689
29200 139497 135015 135271 135476 134088
29300 137838 150028 142282 137833 136193
29400 140652 138413 137771 135314 139324
29500 136198 136670 137076 142407 137005
29600 135835 138012 137785 135975 136870
29700 141866 139653 140093 143414 141174
29800 138598 138031 140598 138410 136949
29900 142051 139233 138355 139660 139470
30000 141134 139996 140363 148555 140342
30100 140248 137755 144508 138270 140161
30200 139729 138252 141125 139347 138930
30300 142126 142560 141855 140181 139246
30400 140793 140748 141130 143836 140412
30500 143440 141544 140861 139792 139755
30600 141153 140702 140844 141984 142046
30700 141262 144576 142193 141771 141951
30800 142905 143385 143116 142712 142102
30900 142990 142877 142040 142833 143201
31000 141300 144674 143318 146786 143621
31100 143086 143316 142578 143807 144701
31200 142594 145187 144312 147675 146156
31300 146310 144923 145437 146963 144114
31400 144655 143639 150784 145551 144859
31500 159010 151308 148284 146340 152315
31600 148341 147134 149691 148458 151236
31700 151435 153571 151922 147100 146416
31800 146833 150570 152945 152583 147925
31900 148797 150005 153795 152064 157031
32000 148288 152096 149626 149407 146913
32100 158420 147294 149426 148703 150794
32200 148862 148987 150150 149264 149226
32300 149027 147890 154237 148432 148115
32400 152457 149150 150827 148561 152779
32500 150925 149285 150532 151396 150088
32600 152077 152583 149324 151320 149891
32700 153833 154506 149848 151496 151210
32800 151661 151594 150252 152617 151700
32900 152394 152455 151207 152451 154302
33000 152476 152419 154906 152148 155131
33100 152131 155021 152041 154131 153627
33200 153416 158921 154027 153215 153498
33300 156183 153626 153676 155348 154214
33400 157658 152781 155435 154382 158555
33500 156254 155341 154977 154733 154060
33600 155703 156129 156121 165261 157080
33700 156217 159530 156296 154684 155904
33800 156368 156733 158149 156835 156836
33900 158562 161782 167633 157129 158026
34000 157117 158134 157799 160829 160076
34100 157883 156447 158124 156918 156051
34200 162356 158284 159096 159917 158351
34300 158970 161048 160144 157979 160547
34400 160843 161209 165349 166581 159932
34500 160690 161538 160148 161456 162320
34600 163525 164181 161443 159927 161953
34700 167570 161590 165299 162028 164872
34800 162127 178127 161499 163701 161449
34900 160884 161929 161601 165322 165576
35000 168400 166016 164034 161736 166737
35100 162720 163433 169444 164388 163120
35200 163137 165010 164936 163812 164499
35300 164849 166248 164460 165321 166503
35400 167696 167995 166599 166494 165873
35500 166257 165431 165362 169178 168271
35600 165843 170936 166264 172604 171539
35700 168280 168145 168097 167626 167814
35800 170531 168254 171443 169103 167298
35900 167606 169480 169110 170307 165988
36000 168466 168471 169004 169201 174089
36100 170777 172125 174381 179962 179768
36200 170826 172315 173114 176395 170829
36300 169643 170757 171204 173348 173205
36400 178657 172245 170595 169326 170852
36500 171434 175333 175508 170561 172768
36600 176784 172623 172124 173267 170927
36700 173787 171970 172521 172317 174059
36800 172903 174057 178960 184323 172218
36900 172016 172325 171568 172443 172749
37000 174065 172992 174016 174124 173663
37100 174325 173653 174412 177632 177622
37200 174782 181392 174738 176017 173532
37300 175314 177708 178342 174912 175393
37400 176494 175834 175889 177423 179008
37500 174618 181324 175437 175586 177868
37600 177204 179721 176243 174824 176198
37700 176948 182378 177051 176497 175279
37800 188116 178822 177104 180037 177128
37900 177541 177908 180133 176838 177739
38000 178429 177228 183507 178929 176445
38100 178876 179138 179810 180598 178220
38200 182083 177182 180748 179739 177388
38300 182013 181583 180276 179848 179377
38400 181524 190074 179916 185118 181982
38500 181700 180845 182834 180111 182678
38600 184011 187180 193420 184469 184518
38700 182189 181715 181647 191793 184632
38800 180167 184805 182877 183264 189964
38900 184913 191507 180889 182966 181825
39000 184660 189563 190933 182653 195262
39100 182455 184563 187047 186699 195062
39200 185938 183585 183524 186071 182628
39300 187452 184807 184257 181920 185054
39400 190322 184755 184940 185548 184127
39500 185000 186368 186402 185993 185256
39600 184554 184802 186892 186670 182979
39700 184905 190222 187526 186111 188084
39800 185695 190636 189861 186650 193006
39900 186861 188796 188537 189402 187842
40000 186654 188296 186658 187389 187992
40100 188050 187499 187379 188523 187966
40200 188096 189345 191097 191215 188992
40300 190201 189891 189197 189122 190871
40400 188105 188437 191071 191590 188663
40500 190091 189972 190935 190610 190881
40600 190885 189914 190647 191849 189104
40700 190634 191099 190479 199952 193977
40800 192954 192690 193489 193082 191883
40900 191747 192990 194512 193437 192581
41000 192612 194212 194797 199412 194366
41100 195846 194456 193988 195346 194076
41200 197005 195110 192910 195147 194422
41300 195335 192412 194378 193612 196581
41400 201735 197531 198239 194876 195388
41500 195332 195017 196447 199061 194567
41600 196214 195267 200758 199250 195442
41700 196033 198207 198791 197237 195679
41800 244443 222182 213414 197807 204769
41900 195995 206366 201439 201893 208335
42000 200960 201201 201355 201999 197819
42100 198994 199246 208464 209999 200704
42200 200254 209599 198797 197654 202783
42300 198937 201588 200740 205298 210815
42400 207301 200782 201115 207640 200740
42500 202814 200267 201146 202206 202150
42600 204430 208352 200943 201368 203743
42700 205728 201548 200510 203981 215595
42800 203182 203448 201482 206990 203941
42900 202551 204731 202987 203886 203147
43000 206637 204677 205680 204736 203331
43100 205383 203806 204775 203914 204827
43200 205168 205620 213997 205815 207327
43300 210423 210214 204366 208073 207769
43400 207437 205226 204585 203517 204812
43500 205794 206840 204558 204263 204929
43600 207957 206206 208798 207129 205747
43700 205424 207731 207524 208134 209120
43800 246015 243153 243864 238373 245863
43900 241001 239011 239043 244798 243355
44000 210638 208399 207145 209497 213155
44100 211981 208856 210815 210361 208135
44200 209980 213117 211604 209954 209213
44300 216211 215663 211591 210280 208389
44400 213491 210334 211772 211812 209226
44500 211967 208568 212770 208863 211442
44600 221876 210708 213068 210530 214096
44700 210049 211055 210061 211232 210127
44800 211558 214017 210253 213877 212028
44900 211778 211122 213199 213201 224277
45000 213794 216657 214658 217362 212706
45100 211797 213494 214178 212787 216988
45200 214367 212166 213132 214981 213511
45300 214879 213754 216500 217150 219526
45400 214812 215817 215610 220648 213646
45500 214190 218184 216121 215698 215075
45600 216041 218895 216245 216289 216567
45700 215213 216817 216795 217777 218527
45800 218161 214683 217926 215834 216210
45900 215675 215287 221526 217847 218037
46000 216055 217239 216589 216228 220773
46100 219019 216168 217119 216646 217470
46200 219408 216758 218754 220543 220770
46300 220419 220089 219821 220194 221103
46400 221360 219964 219253 220764 224937
46500 228911 219620 221109 224200 219685
46600 220062 220533 223246 222499 219913
46700 219824 220780 219820 223113 222702
46800 220878 218996 224745 223158 220924
46900 225059 221049 222827 223067 222573
47000 222983 223549 222691 219410 221198
47100 226446 225187 223146 222322 222527
47200 225210 225265 220616 222528 226497
47300 225235 222481 223481 224840 224586
47400 225658 224728 224798 222475 223556
47500 229383 222310 224423 222147 224233
47600 225090 228102 223354 236659 224724
47700 225047 229985 224305 227323 223862
47800 230516 226148 234494 236915 230380
47900 231252 231800 231424 229139 229551
48000 225512 225565 224813 226961 224942
48100 224858 229567 227652 227540 225843
48200 229268 227261 224530 233112 226608
48300 225818 226014 228729 236271 228828
48400 225934 229503 227195 229361 227281
48500 230704 225315 227589 229218 226777
48600 228052 230107 228342 228605 231251
48700 230736 227750 227738 230176 231272
48800 230345 228963 233684 235628 231153
48900 230178 237859 237435 228446 228398
49000 234213 230629 231087 229603 228772
49100 234040 238681 229665 229436 229587
49200 232294 230212 230820 231620 230813
49300 231154 231745 234554 231689 234205
49400 237986 246847 230519 230862 234139
49500 237155 236216 231923 235191 232741
49600 232914 231404 233818 232310 236557
49700 231608 238959 235021 237197 234770
49800 231649 233288 235567 234428 233443
49900 233516 237642 233762 234857 234415
50000 237169 233404 236263 235457 236584
50100 234690 238168 234498 233744 233916
50200 241994 236247 235704 246427 237135
50300 238974 238683 247483 241659 236642
50400 242503 239154 236673 239888 241552
50500 240302 237550 237448 244060 243229
50600 245901 249369 243049 242781 238413
50700 239539 242090 239040 239038 236790
50800 243256 245528 241043 243538 242213
50900 239515 244532 239482 238715 237223
51000 241305 239738 240705 238945 238480
51100 238737 241127 241319 245360 240856
51200 246745 244982 240815 243142 242850
51300 239019 238406 239764 239305 237895
51400 242883 239843 241245 244880 240993
51500 243137 240375 239142 248087 251129
51600 241262 242186 242804 242179 245140
51700 243518 243681 240525 240240 244503
51800 244077 242976 244731 241469 248604
51900 243802 245329 242079 242356 249420
52000 246497 243303 244802 242686 241712
52100 250915 242877 244212 243234 246516
52200 278111 253160 245302 248279 250902
52300 247647 250529 248609 246385 252528
52400 252334 249488 250970 248460 251171
52500 250447 248410 249256 252228 247125
52600 298791 258508 265097 249896 254281
52700 300049 291627 258628 253091 253681
52800 247287 249719 268806 250529 259698
52900 247927 249644 247679 255837 248595
53000 252620 248862 249964 248705 247099
53100 249803 247892 248809 248904 248024
53200 253896 248797 251149 247879 248372
53300 250665 255331 248264 248606 260919
53400 248998 248912 248752 249202 254394
53500 266154 251257 249026 248823 250887
53600 252199 251766 251905 252491 255967
53700 251455 251233 254324 253357 252095
53800 252491 254326 265295 259322 252608
53900 252376 252084 253324 254573 257867
54000 253141 255973 252402 254583 258381
54100 254057 256912 253138 261871 254890
54200 256138 252604 252356 254879 256348
54300 258275 255941 253941 253996 254544
54400 255119 257400 255924 254277 257894
54500 255933 255114 256380 255519 257643
54600 256822 256258 258309 258182 256088
54700 269161 261802 255206 256201 258576
54800 261358 257637 257865 258430 257963
54900 258471 256192 259650 257505 259383
55000 259912 262671 258530 258565 256995
55100 259480 258086 256612 257015 266214
55200 263909 257103 257731 257497 261514
55300 259804 264387 259513 269190 263366
55400 259881 261535 260788 262996 268661
55500 261367 263831 271669 269998 259925
55600 261904 259209 262409 259127 262964
55700 260321 260188 259959 262481 261726
55800 291967 266826 266466 269612 267998
55900 270115 274752 263194 261399 265046
56000 266016 263458 261383 264001 277386
56100 266242 272107 274789 268263 263867
56200 264291 264854 265079 263661 264164
56300 263014 263771 267090 263853 266893
56400 265472 267065 267238 266181 264184
56500 264906 263799 264652 266731 263566
56600 264236 265226 265958 263153 263640
56700 266224 266000 268317 266250 267936
56800 265789 265472 265368 265030 268604
56900 267430 269108 264882 273654 265741
57000 269135 266297 269599 267050 267057
57100 266866 276997 271330 274996 270724
57200 266696 266840 271590 269316 267928
57300 266602 268742 269601 270053 273192
57400 267798 268255 266864 270482 271098
57500 269965 269765 270822 278122 270675
57600 271663 269339 270506 269152 270518
57700 269589 269491 268873 270417 271811
57800 270775 277562 269664 275078 269822
57900 268840 269332 270805 271424 271928
58000 270127 271313 296540 277202 273592
58100 277164 274861 272780 271572 272961
58200 271219 271057 275100 281342 281258
58300 271821 275393 272245 274101 274395
58400 274328 272763 271673 273359 270914
58500 274655 282675 272738 273045 276106
58600 274764 273801 281309 273619 274853
58700 272856 272754 273078 272770 272504
58800 280129 276231 276366 277274 275296
58900 274766 276323 272233 275416 273978
59000 275482 277346 274530 275301 276760
59100 275965 277389 277208 277362 273777
59200 277114 277788 279664 287407 280349
59300 280940 277255 288533 277890 275996
59400 279054 279253 277301 280400 281943
59500 285022 280163 281777 278164 282639
59600 278138 279061 287340 278829 277380
59700 279809 283825 277492 277841 278222
59800 278831 279541 280621 283815 276042
59900 280386 284254 278198 290684 283200
60000 280279 283830 278607 282483 283585
60100 279653 283815 288272 284969 279925
60200 283684 280158 282142 280437 285426
60300 280225 282478 280953 283314 282186
60400 281598 284088 283513 287595 282097
60500 284607 284299 283180 283551 285048
60600 287858 283398 288707 303179 287657
60700 287377 287304 286751 281953 284323
60800 284757 282571 287368 286299 283972
60900 290145 288236 284537 283394 286040
61000 288755 284685 285779 283929 285016
61100 286226 286155 286846 286112 297539
61200 289105 289564 287992 297523 290899
61300 293912 288025 307061 284971 284888
61400 286309 286873 283687 287041 288471
61500 287077 289692 286129 290305 283229
61600 287107 291731 293025 292494 286637
61700 286610 293658 286625 292469 291928
61800 287390 290626 288514 291715 288913
61900 288434 287719 287838 298726 291262
62000 288065 292932 288668 311624 293200
62100 291138 294160 290109 295924 293428
62200 295648 295616 290889 295437 288301
62300 291630 291759 291879 291166 294485
62400 293338 292662 289325 294486 292344
62500 292663 296940 291790 295021 289992
62600 289685 293906 289484 294175 290925
62700 290323 305225 293070 294197 292727
62800 291784 297707 293932 295477 300405
62900 292312 298708 296944 297697 297615
63000 297467 301276 297211 292161 312643
63100 295272 295770 292870 301077 296442
63200 301553 297700 295871 296179 301725
63300 301472 302762 299177 301784 297438
63400 310016 306936 299163 298967 296693
63500 293295 294190 298196 298820 296880
63600 298431 294574 300535 298982 298299
63700 297396 296836 298692 297743 297953
63800 299223 295174 301323 296214 295066
63900 300795 297254 302230 299699 299762
64000 299502 301013 300071 299621 295991
64100 300269 299882 298900 297182 298050
64200 300777 303527 296841 303193 299571
64300 297592 302075 298097 300951 296799
64400 301271 301780 300585 301321 301118
64500 302192 298826 299112 300780 305568
64600 302563 304030 304074 314301 303487
64700 307479 304021 302170 305406 302140
64800 303040 299348 305042 304542 306382
64900 302261 302513 320403 302046 303658
65000 304516 305309 303268 305928 304190
65100 303291 301391 303115 306946 308559
65200 306608 305626 302148 304445 302519
65300 304757 302875 305149 303313 304945
65400 310678 303763 307461 309812 305209
65500 305560 303484 310869 306229 305605
65600 304746 304725 302937 306006 306803
65700 307267 308096 305045 303872 304658
65800 305629 308649 307276 305760 308031
65900 309761 308944 308938 315483 309912
66000 310879 308509 309165 309805 306357
66100 308496 307498 306741 307696 307323
66200 310062 314297 309921 312714 307120
66300 308748 309713 309523 310117 309140
66400 310517 310478 311422 308409 313782
66500 310527 310937 321727 311362 311330
66600 311503 315128 309987 311823 309848
66700 315332 312131 311646 317368 310438
66800 315209 312102 313175 311148 311748
66900 312198 311075 314924 311553 315408
67000 313851 314945 315371 313997 312545
67100 327129 324385 318319 323923 315280
67200 313205 315518 315070 312763 317618
67300 311678 313095 317725 314944 319218
67400 315305 316575 315569 315166 318381
67500 316574 324023 313650 319283 315421
67600 339209 328732 334780 320683 321605
67700 374909 340529 317829 324893 320775
67800 316199 324155 317247 319643 316982
67900 316603 319562 317809 319237 321567
68000 326545 318100 318943 322831 321291
68100 320466 318821 326293 323191 322686
68200 327039 323365 337716 331979 320853
68300 328418 325950 332787 320530 319327
68400 321064 320297 323409 327603 328655
68500 322670 323193 321347 322878 321606
68600 322548 323996 326393 324301 323820
68700 320972 322130 328466 322435 323750
68800 322036 326012 323254 325675 322888
68900 321347 325020 324798 321118 324903
69000 324886 324935 327544 326124 324453
69100 327433 324728 324482 332391 322884
69200 324270 326242 331431 323400 327383
69300 328463 329272 325923 326234 346754
69400 327690 331147 323251 325456 329803
69500 325109 327537 329137 324956 332489
69600 325779 326294 328003 331920 329169
69700 328111 327051 328300 326027 328296
69800 331632 329603 335291 328808 325890
69900 328896 331248 328958 328539 342768
70000 344798 340677 331095 329727 326360
70100 332120 327981 331372 332576 330484
70200 328446 327967 333569 346433 333689
70300 341203 332312 334567 334423 329754
70400 334243 335753 331403 335152 328630
70500 334262 331225 332867 333578 360476
70600 335631 329501 339089 334153 341381
70700 340753 331970 331730 338730 333315
70800 334084 332754 332298 332880 332091
70900 333499 340088 333566 343426 331578
71000 338224 341997 336434 336437 334496
71100 333821 337605 334696 349669 335010
71200 336505 336312 338241 337489 335381
71300 335767 341254 334166 339783 337817
71400 336302 337197 339153 341400 339341
71500 335974 338080 338336 345821 339273
71600 338767 338886 337654 337947 342425
71700 345184 339069 337845 341399 337576
71800 344999 342896 344455 339378 344674
71900 337628 342852 342674 342807 337807
72000 339244 339541 341497 340527 346660
72100 348052 340051 346487 356487 340549
72200 472758 459656 463974 464712 460771
72300 492910 494508 463751 451749 462471
72400 457017 443200 487950 466301 460258
72500 491459 498265 457259 453503 457581
72600 462715 449781 456303 458046 468165
72700 492534 449248 458374 450355 452464
72800 475888 454081 457672 447127 515837
72900 491148 476471 450378 451064 439816
73000 453963 464743 417473 427616 430537
73100 429483 424190 423616 422532 420183
73200 409864 420551 430018 415040 432191
73300 429674 418541 421308 424671 425822
73400 420327 418004 427108 423209 431628
73500 446588 437379 423359 438101 767495
73600 466971 504093 490750 471237 546045
73700 468390 480460 481176 656101 506020
73800 440445 453539 478673 515313 428322
73900 430752 412591 406816 417520 412330
74000 410619 424603 417374 412305 476771
74100 421177 437193 430018 432229 408406
74200 434024 419607 424968 437443 428708
74300 426479 425479 428421 429517 422341
74400 421407 426332 430876 429104 449186
74500 434262 421896 424407 425763 437122
74600 426977 412797 423635 422157 429109
74700 421980 427870 423196 427602 424897
74800 412342 419703 424506 430356 465797
74900 437411 418731 420398 413458 430643
75000 419752 417204 418629 423114 436499
75100 444623 429467 424919 425379 432152
75200 427848 440781 433632 426035 436321
75300 441585 455884 433894 436833 437662
75400 444337 437698 446403 436895 441731
75500 440579 468704 429702 434122 431331
75600 424854 421514 442649 427296 421119
75700 428447 427757 422644 423770 426591
75800 422505 429792 432234 426206 423915
75900 425571 435881 434603 425127 437284
76000 428905 431691 432211 431417 444473
76100 436104 434727 431890 426947 425851
76200 425733 426872 436632 431115 427645
76300 443161 429303 432893 432242 425728
76400 449462 434828 427357 430598 430524
76500 439474 443518 432831 432099 428863
76600 432781 444824 426754 429606 435310
76700 434265 440899 474595 432763 436987
76800 433962 431832 432789 431202 433961
76900 432464 440597 439880 438943 454679
77000 433686 457430 430374 438244 432409
77100 439214 444014 438512 440439 437416
77200 437588 439736 435439 436656 441905
77300 440508 443325 447453 444318 441086
77400 439773 453974 434166 434739 447745
77500 437077 445264 443611 454781 440107
77600 437353 441862 435258 452888 439476
77700 445500 471649 441538 442348 438486
77800 442985 447000 435431 441496 437927
77900 442772 460430 468051 443373 448862
78000 435833 444638 441126 438526 445846
78100 442495 450239 453580 444782 442265
78200 448304 443409 437322 440443 448715
78300 443308 454981 446513 447836 440218
78400 445593 451348 447910 447720 456399
78500 446288 448420 445960 447263 453001
78600 448929 449218 447605 437855 443634
78700 445909 453046 456873 443176 447811
78800 443016 443661 442529 449989 438977
78900 458000 457126 450086 452319 444482
79000 442337 447769 445821 464579 442479
79100 475598 454036 450738 461666 455857
79200 442475 447820 447223 450669 447366
79300 484215 453068 457665 447819 443630
79400 455169 458602 449538 449646 440612
79500 460460 454979 465727 451112 453576
79600 449430 445172 456232 447133 446620
79700 456072 462971 455383 449372 453319
79800 449031 454170 443496 457204 454399
79900 477240 466160 465441 454466 447480
80000 448129 455607 452251 449018 450146
80100 460202 452827 452658 452623 451082
80200 454742 496647 454839 456085 464832
80300 459584 463540 457080 465768 463077
80400 465569 447867 458848 454155 517397
80500 480969 464679 472967 478650 453299
80600 468790 451729 458637 466258 473779
80700 462907 453362 456295 492108 458016
80800 450547 454765 478673 490076 469519
80900 538567 457710 464944 451331 477793
81000 460886 458359 465049 471498 468829
81100 456678 464794 465534 460242 466681
81200 459822 461996 468955 461972 463990
81300 468413 465721 484103 462423 460969
81400 473839 479084 502280 451885 455801
81500 457089 451516 454913 456361 453027
81600 464090 456257 564688 473616 522485
81700 530926 533497 513721 604407 518162
81800 482584 457740 495520 543060 533292
81900 521273 536485 534536 624028 597508
82000 508824 529196 436756 427372 383517
82100 388226 388314 387878 387439 387702
82200 394944 393154 395727 408635 387992
82300 394323 391064 390859 412794 391916
82400 412925 395691 394373 393082 393200
82500 389752 394434 392016 393395 418108
82600 393963 398614 392053 393337 392404
82700 394326 393684 400455 398876 397203
82800 412644 394414 393659 398075 401089
82900 394334 397016 395340 396839 399731
83000 403217 402505 399918 400993 398611
83100 401153 401424 401504 402666 400691
83200 403499 402694 405478 403747 404927
83300 395842 396500 393080 395812 396113
83400 408029 402888 409035 408727 408866
83500 410473 409646 405749 402225 403849
83600 403716 407725 403503 408587 404818
83700 407195 408289 407834 409627 409157
83800 408571 404913 406723 408253 408662
83900 411338 405515 406940 406682 404420
84000 407703 402466 408851 409852 408012
84100 407608 408600 405597 406988 408020
84200 406581 407474 407605 411629 410665
84300 406837 406524 407389 406068 408431
84400 406604 408745 413487 410921 411401
84500 412138 411588 411152 413545 408824
84600 422068 411641 413670 414194 410679
84700 414013 409786 410718 411050 409363
84800 409594 408862 407597 409975 414006
84900 415474 413021 412590 412823 407744
85000 410257 413317 410747 414188 418525
85100 412737 411703 411516 413684 412352
85200 411539 413718 412754 411442 412205
85300 406678 406291 407800 407642 407207
85400 415282 412535 412184 413099 412783
85500 420811 421272 412737 413940 417265
85600 413123 416616 416164 419369 414652
85700 416216 414182 414719 413044 416760
85800 416874 417075 418177 415420 416505
85900 413649 417199 417368 414648 414894
86000 418021 416042 429743 421117 412396
86100 414881 403838 415577 414199 414048
86200 414847 415854 416769 424342 412242
86300 420968 425997 415293 417236 420965
86400 444221 459959 417814 415761 419430
86500 418314 418375 418805 417319 418273
86600 422134 423810 422562 418522 422590
86700 414401 420143 421337 420791 570593
86800 420331 422057 422594 415394 421874
86900 417039 422766 420188 420683 420877
87000 421285 421999 420743 420881 419723
87100 428116 421034 420943 419871 422261
87200 421564 424076 418577 422183 424375
87300 425431 422178 421762 422569 428236
87400 425853 424982 423064 424381 423696
87500 424357 427053 424686 426075 426113
87600 425131 424416 425353 424998 424776
87700 427474 426069 424323 424819 424990
87800 425431 424125 424503 423991 423641
87900 428013 427562 427434 427004 426869
88000 425793 419477 424214 424447 427506
88100 425963 428938 424603 424072 422292
88200 424027 425090 425818 427672 425585
88300 430974 423887 428544 424306 428174
88400 428225 428447 424989 426844 422703
88500 426902 426037 426138 425682 427886
88600 428977 426613 428754 431862 435456
88700 425088 421079 426531 423627 421196
88800 426743 424906 420748 425269 424726
88900 429638 429489 422875 427296 427937
89000 423926 425762 425604 424820 426427
89100 426366 428758 427195 425123 443305
89200 428001 424809 426652 427613 424354
89300 425108 424568 426565 424038 427790
89400 431139 429676 428862 430692 429549
89500 429934 433000 435330 429872 430705
89600 430424 428616 431901 429994 431983
89700 443379 433099 430971 431856 430444
89800 432718 425685 430245 433053 432538
89900 429706 435572 438794 440389 433740
90000 435663 438858 431383 430862 428490
90100 431272 431660 434973 437064 433691
90200 431096 432628 432008 432223 431642
90300 430511 432394 431147 437196 433681
90400 434573 437237 437357 438206 437040
90500 437121 436805 435515 437269 439056
90600 440840 441599 438477 438026 440275
90700 441008 437890 437802 439921 439082
90800 448856 441381 438789 439034 434793
90900 438397 439647 437903 440952 438630
91000 438054 442545 438668 439829 439589
91100 438237 433922 438899 441456 439961
91200 442988 441621 439473 441908 441486
91300 440430 445339 441528 446618 443206
91400 441696 441341 439547 441226 442215
91500 442452 444761 445167 441816 440650
91600 440277 443710 441215 441969 443725
91700 442172 442327 442951 442871 441191
91800 445622 446321 446356 443397 446232
91900 447844 448292 444007 447526 448179
92000 445065 445569 442900 445219 446134
92100 443711 445006 446082 444999 446691
92200 446923 448125 444415 447089 446811
92300 445657 446554 449958 451358 454092
92400 448564 450174 444441 450125 444908
92500 445638 446750 446437 447095 450444
92600 447627 446628 446144 448627 449054
92700 446180 456780 447295 446776 447747
92800 442627 442497 440455 442671 440915
92900 442316 442661 447497 444202 444278
93000 455883 450091 451387 450879 449303
93100 449659 450947 451044 451538 449559
93200 451641 450768 450910 496874 450920
93300 449984 450029 454113 451525 445305
93400 452422 445802 452254 451393 451718
93500 443358 446900 446359 452261 448333
93600 458102 451971 451285 453077 450419
93700 451990 453012 453412 452626 457594
93800 453530 455311 453815 453102 452789
93900 453455 456684 452421 454540 452089
94000 453805 452504 455225 453765 455071
94100 452509 453721 455830 455918 458177
94200 453162 455489 454823 453799 455426
94300 455905 456684 460290 452350 457478
94400 453797 453916 455530 453547 453998
94500 453090 453691 457385 456810 457290
94600 455122 455256 454389 453967 453539
94700 456357 461025 458154 457543 459515
94800 455374 457379 548236 538163 553055
94900 539675 533435 553080 550958 551953
95000 540839 550587 536417 535708 537935
95100 544170 553706 554121 544590 537754
95200 552429 554292 537924 539582 540720
95300 560501 545703 538960 540841 535847
95400 541226 575115 570896 579864 566405
95500 543120 558048 539454 543905 542249
95600 549832 578365 546802 538276 582911
95700 539194 544856 550248 551837 562105
95800 549426 549185 549941 550594 541978
95900 543355 580246 555075 552495 545517
96000 549315 549326 545721 542749 547999
96100 560535 547305 547407 543631 545510
96200 551082 549005 547601 554620 550518
96300 549322 554845 548779 542151 551379
96400 554536 557714 557698 540203 548088
96500 550110 551137 552850 548638 557524
96600 552007 553018 545194 544675 463609
96700 459928 467713 463147 464411 469243
96800 466829 465254 465146 465456 466989
96900 461281 466945 466117 465229 464644
97000 466498 467431 470817 475053 466763
97100 469624 468205 468515 467792 466912
97200 467427 467937 472770 466092 467091
97300 469211 465763 469694 467233 466531
97400 467503 470311 467913 469243 468934
97500 465730 469702 466647 471617 467107
97600 462711 465650 464919 465515 462611
97700 470515 469814 474967 468333 470320
97800 473067 471402 470950 471273 469213
97900 470905 471265 470520 469670 470172
98000 476823 475224 474996 477060 472700
98100 467981 469749 472852 477848 469198
98200 472810 473361 475623 469771 477340
98300 471550 469310 470998 479928 486212
98400 471818 480288 471114 474753 473313
98500 470736 473965 470946 474490 471989
98600 477841 492194 477270 475567 478210
98700 475241 472673 476560 475271 474790
98800 472526 473241 472802 473774 474816
98900 467128 470091 469760 468220 469838
99000 475429 477202 481935 475785 477946
99100 474187 477131 473988 474318 475062
99200 476450 478273 476034 477956 476358
99300 476986 478774 479143 481388 475376
99400 475476 479199 484354 479024 476760
99500 475540 477282 478553 476261 476622
99600 470236 473611 472426 470702 477979
99700 474503 480311 479133 480212 473958
99800 478632 480478 485218 480019 478520
99900 481312 480898 479029 480891 484447
100000 480014 481219 481135 483268 484208
