500 3745.27 3459.6 2686.07 3360.87 2331.67
600 4570.87 3888.6 4198.13 4315.07 3122.73
700 3703.53 5542.07 6564 6662 5920.4
800 5369.4 4470.4 4243.8 5232.73 3827.67
900 4640.67 5010.4 6611.07 4050.33 3954.87
1000 4279.67 5722.8 4292.27 6065.2 5333.4
1100 5155 5003.73 5633.27 5583.2 5655
1200 7325.27 5956.93 7467.87 5711.6 6376.8
1300 9421.2 8893.47 8018.93 8773.8 8116.2
1400 7961.2 13588.5 8936.07 6992.07 8721
1500 8961.67 9804.2 12183.5 9047.13 14518.9
1600 9947.73 12134.4 9218.2 8329.87 10231.2
1700 11951.4 10036.7 9979.53 13473 11057.3
1800 12540.7 11698.5 10003.5 10211.3 18839
1900 10089.6 10916.7 13234.5 17480.4 12538.7
2000 11268.1 20641.7 12415 10323.7 10386
2100 16798.9 16726.3 16037.2 15811.5 14217.7
2200 14068.1 13357.2 14373.9 12360.1 13558.9
2300 14896.1 18460.5 12351.1 12807.5 15213.7
2400 13460.4 17985 19597.1 20978.6 15068.5
2500 18112 15255.2 12785.3 12485.1 14412.3
2600 14338.1 14524.3 17024.3 16578.5 13936.7
2700 13719.3 15612.9 13870.3 14274.7 14026.5
2800 14385.1 18129.1 17718.5 16258 16458.6
2900 19317.3 13909.1 14945.5 18354.9 15137.9
3000 22886.3 18054.4 17899.3 19280.6 15653.9
3100 16196.6 16974.3 15400.1 15345.8 15625.7
3200 17559.5 16462.5 15508.2 19263.5 18594.7
3300 19946.5 20515.3 17753.8 16702.2 20879.1
3400 21370.1 20443 21194.2 16521.3 17999.1
3500 29219.9 20354.1 17299.7 18322.5 18227.5
3600 21305.8 18052 17210.3 19163.5 18886
3700 22929.3 17832.5 19024.1 18918.9 21792.5
3800 19206.4 18518.3 21708.7 27010.9 19132.9
3900 26684.5 29770.8 23003 22762.2 22331.3
4000 20854.6 22522.5 22421.1 19951.3 26116
4100 24686.3 21979.6 23821.3 23453.6 25097.7
4200 24908.9 26759.3 21789 27245.1 21805.7
4300 23355.1 25883.2 22293.5 24821.5 22975.8
4400 24790.5 26674.6 25888.7 24295.5 24306.9
4500 25056.5 27322.1 28994.4 25471.1 24692.1
4600 24648.9 26948.7 31354.4 24649.5 27779.7
4700 26168.7 28975.4 32807.1 29124.9 25923.2
4800 26944.1 28810.9 31159.9 28047.5 29011.1
4900 29830.6 28420.9 27694.1 29157.1 24992.4
5000 30643.5 32666.8 25981.5 32072.5 25894.5
5100 28525.2 26689.3 26569.1 31651 28858
5200 29458.7 30010.8 30234.6 26289.5 28233.3
5300 28198.9 29243.5 28794 29976.1 29677.7
5400 27645.7 29000.1 27188.7 31229.4 30232.9
5500 32594.9 28811.1 26739.3 32521.9 34277.2
5600 32347.4 31254.9 28343.8 29648.5 32226.5
5700 28862.7 31648.5 32618.3 32716.3 32141
5800 31035.7 32153.7 32637.2 30081.5 29058.6
5900 34140.5 29235.1 35642.7 30581.3 33150.1
6000 34340 32964.5 34624.1 31481.6 30981.7
6100 32053.8 32450.7 30617.1 44994.1 43108
6200 45066.7 38126.9 36888.9 37069.5 43972.2
6300 37052.7 36948.5 36359.5 34523.9 37841.3
6400 37977.4 40586.9 37870 42510 45858.7
6500 48763.1 33541.3 40496.3 50162.6 44648.5
6600 43201 40887.6 37251.9 37986.9 43122.3
6700 37821.4 36584.7 39163.3 42043.3 37991.7
6800 41423.4 35817.6 43694.6 42290.2 43226.9
6900 47110.2 43905.7 43427.6 44342.7 38738.8
7000 45104.6 45222.3 45002.3 42325.7 45044.2
7100 48947.9 50391.3 47061.1 51816.3 45674.8
7200 49145.3 49371.1 44881.5 47350.7 49003.7
7300 44377.5 45037.7 43589.1 47223 41492.5
7400 44900.8 45330.7 46714.1 55408.7 44860.3
7500 44111.1 49751.7 42051.3 43474.2 43658.1
7600 46897.8 45954.1 38742 45071.7 47327.9
7700 44963.5 51139.1 44902.2 40645.6 41224.9
7800 41275.4 44816.7 47642 45129.3 46512
7900 46395.7 46888.7 47812.3 41601.1 47360.1
8000 49126.4 47982.7 51009.3 40697.9 51587.5
8100 45207.8 45995.7 46666.6 48869.5 47806.3
8200 47929.3 46932.2 47334.5 48007 44535.6
8300 48676 49311.3 46353.9 53904.5 50095.2
8400 51299.3 47815.7 47546.3 47401.5 47503.9
8500 47507.3 48348.7 50829.4 48595.2 47132.1
8600 51350.3 48150.3 49963.9 53360.7 47867.6
8700 49599.1 50987.5 49969.3 51634.5 55458.9
8800 54788.6 58969 55891 58544.5 56858.2
8900 56418.6 64660.5 58254.5 55058.2 53095.8
9000 58374.5 56905.1 60441.2 61184.7 61378.4
9100 57462.5 57274.1 54477.2 52581.5 56374.5
9200 56265.2 53937.1 55454.8 63978.6 53664.3
9300 58433 58009.8 60198.5 53318.1 54121.7
9400 55874.6 56222.1 54292.7 56898.4 61927.1
9500 52154.7 53806.8 65659.1 55209.5 59330.3
9600 65647 53713.2 55937.1 57316.7 59173.6
9700 56725.6 55494.9 58394.1 67197.1 62088.3
9800 60223.7 56863.5 54806.9 56622.1 62895.3
9900 56318.1 63399.5 57321.2 60009.3 58256.5
10000 57127.1 56971.2 56072.4 57892.4 60414.1
10100 58553.1 64400.8 61006.5 58206.7 63407.7
10200 57833.3 56426.5 58034 58313 57470.1
10300 66580 68461.7 73743.7 71035.2 67163.5
10400 67357.8 73429.6 66323.7 72126.4 66899.3
10500 72468.2 70468.1 71910 63545.7 66886.9
10600 67098.1 60219.7 62641.1 67500.4 70338.1
10700 69266.8 59375.9 61462.6 66494.3 63542.2
10800 70293.6 74332 74526.5 68705.8 69101
10900 64515.2 63042.1 67987.3 66347.5 63529.2
11000 65822.9 70787.9 71864.9 67134.3 64277.8
11100 68056 65376.3 63423 64699.3 65201.3
11200 74184.9 77622.3 68262.6 65439.1 88107.9
11300 68048.9 68682.8 69800.6 68162.7 74773.8
11400 70553.2 67512.3 64791.8 66245.7 65850.9
11500 70663.9 68324.5 68523.9 65736.3 66484.3
11600 72441.5 75764.2 78889.7 72224.7 77298.8
11700 71800.3 78654.9 80904.3 77062.5 83120.5
11800 75168.7 76210.4 76079.1 77654.5 70579.3
11900 71208.2 69820.3 72440.5 74272 76247.5
12000 68237.9 68202.4 78967.1 70800.4 70399.1
12100 71525.5 77219.1 74250 72176.3 67277.3
12200 80127.6 75032.5 68099.3 76535.3 72313.9
12300 69161 84456.8 79910.9 71427.1 74011.5
12400 75516.1 73544.7 77133.3 74673.3 72765.9
12500 73081.3 73943.3 75314.3 69699.5 74234.9
12600 75455.6 70778.9 81085.5 83222.1 82157.6
12700 72710.3 82491.1 78494.1 76089 75987.1
12800 78443.1 85199.4 86805.1 85124 85669.1
12900 84296.3 86108.3 81314.1 83827.5 85362.7
13000 86094.5 83419.4 83737.9 79694.8 76763.7
13100 77430.1 74334.8 80293.4 76084.1 74567.5
13200 83091.3 86665.9 81994.5 76080.2 80025.9
13300 80867.3 78447.1 78828.8 76577.9 78252.2
13400 77898.8 82780.6 74852.4 82666.2 86432.7
13500 77700.9 80501.7 83777.7 77443.7 75479.7
13600 92994.1 87295.9 78802.4 102726 84344.9
13700 82678.6 94803.8 82648.6 78828.5 92390.9
13800 86999.7 90758.3 85259.7 86832.7 86624.2
13900 93552.6 90698.1 89314.7 89870.9 93690.5
14000 96943.2 90544.7 82550.5 88793 91363.8
14100 87954.1 85535.2 84349.3 84797.4 80532.1
14200 85029.1 88410.9 84508.1 104032 84626.4
14300 86123 90905.1 88465.7 84160.2 87884.3
14400 98332.3 85060.1 88108 89451.9 101224
14500 90536.5 88855.6 77499.3 81433.3 90779.7
14600 94186.5 81875 88251.9 101797 84234.9
14700 90431.5 97277.8 91353 84309.4 97225.7
14800 89522.4 87217.8 92215.5 97565.9 92730.4
14900 101174 99611.5 92195.2 99375.5 96196.7
15000 87235.5 91869.3 104597 96979.1 100923
15100 84334.4 91981.5 91434.8 88448.7 88784.3
15200 89849.3 89298.3 92492.5 86124.7 90831.2
15300 90298.7 88571.5 94922.7 98097.5 90388.3
15400 88149.9 86538.3 94723 90803.9 91067.5
15500 92529.3 92161.1 89987.5 94046.1 101316
15600 94446.9 94555.2 98909.8 91026.9 101258
15700 92281.7 90217.6 96021.6 93778.8 98850
15800 111889 107668 102891 101832 106850
15900 102806 111853 104152 107309 100115
16000 101297 100456 98666.2 102400 92017.1
16100 93598.4 91934 109085 106808 93784.1
16200 95489.9 93884.1 100318 101717 95755.5
16300 98038 99179.5 93872.8 91255.5 99881.9
16400 99326.9 91596.1 89191.5 109273 99436.5
16500 92423.1 95446.1 101800 104271 99326.9
16600 99927.4 99905.9 92982.2 99890.1 95679.7
16700 114854 105170 107275 104499 114677
16800 112238 110074 126186 103489 112345
16900 103086 97949.7 110001 108213 100666
17000 98520.5 100658 99395.9 99551.7 101932
17100 88868.4 90751.1 122965 99242.3 104135
17200 82016.8 87401.3 82509.1 78334.1 77978.9
17300 78709.1 80443.1 80261.8 78949.3 78780.5
17400 79014.5 78188.6 80052.5 79612.7 79312.1
17500 81130.5 79297.5 80352.3 82139.3 79400.2
17600 80767.2 80604.7 81509.1 80273.1 80180.1
17700 81107.5 81033.2 81756 81916.9 81674.9
17800 82331 81557.4 81623.9 80767.9 81977.7
17900 83222.7 82625.9 82281.8 82654.4 82470.3
18000 83268.7 82544.7 83504 82872.2 82919.6
18100 83102.3 82282.2 82851.7 83852.9 82621.6
18200 84112.9 84075.4 84299.9 84677.2 83038.7
18300 84448.9 83696.9 84348.4 86441.5 91279.8
18400 99671.5 88703.8 84227.3 88000.9 104176
18500 93075.2 90238.5 87291.2 86930.7 88890.5
18600 90408.5 90450.3 92143.2 94746.2 96176.1
18700 89304.1 87584.7 93117.1 87440.3 91216.3
18800 87536.3 90370.5 88496.9 89345.3 89033.7
18900 89438.1 102674 90112 89467.8 91119
19000 90583.8 91081.6 90200.6 91508.2 89319.9
19100 90344.3 92958.5 90861.8 88251.1 90299.5
19200 90835.1 90607.4 90351.9 89964 89531.1
19300 91838.9 95316.8 99310.5 97065.9 98455.7
19400 91722.2 90875.4 93429.4 90659.6 91527.2
19500 96467.5 91938.5 91176.1 91632.8 90741.1
19600 97689.8 91809.7 91008.9 91050.5 93915.3
19700 91702.2 92776.8 92152.4 91645.6 92074.8
19800 95757.4 94090.6 92498.3 90978.7 93180
19900 93096.1 92551.1 93732.4 93011.4 91803.5
20000 92829.5 93110.6 93837.3 91910.9 94257.5
20100 95190.1 94755.2 93447.5 93854.1 94282.3
20200 94962.3 93175.7 94340.4 94193.9 93982.8
20300 95095.1 95097.9 93768.5 104098 94531.8
20400 94385.2 94926.5 95688.7 95048.1 95420.7
20500 97481.4 96564.9 95616.7 94488.6 97037
20600 96115.2 100408 97420.9 96517.7 100278
20700 98724.2 96770.1 97521.7 95305.9 97948.3
20800 96884.6 97589.5 97163.3 97673.1 101646
20900 96911.5 97686.9 97219.1 97402.9 100064
21000 99451.1 98438.7 98613.6 99063 97535
21100 98345.3 98538.5 99708.6 99381.9 99011.2
21200 102219 99210.7 101247 99683.2 100163
21300 99698.8 100271 100002 100488 99159.8
21400 99251.5 101280 101254 101165 100524
21500 101136 106084 102101 102514 101300
21600 101758 101559 101180 102209 104850
21700 103621 101683 101171 104130 101638
21800 105706 103143 103123 102575 102474
21900 103296 102972 102819 102284 102579
22000 102906 103707 103361 103789 103695
22100 104917 103565 104859 103864 103711
22200 105733 105650 103422 105660 104859
22300 104503 105456 104315 104354 104007
22400 107480 105408 103438 103270 104466
22500 105459 106029 104904 105267 105967
22600 105149 105759 107291 108830 105162
22700 105789 106071 107413 108533 108005
22800 106559 107023 107257 107843 106899
22900 107321 107945 105883 107347 107511
23000 109511 108893 107194 109271 106875
23100 107866 107498 110068 118574 109957
23200 110765 109055 107605 110120 109036
23300 108214 110338 109693 110574 108284
23400 110731 108778 111051 109549 111507
23500 110358 109327 115581 111357 110955
23600 112408 111748 117110 111896 110462
23700 111686 113040 115224 111483 114773
23800 113829 113056 110443 110697 111560
23900 113027 117497 116827 115877 110823
24000 113001 113176 114008 113762 113630
24100 112072 119210 113614 112569 112168
24200 136117 113018 113508 112790 113321
24300 148444 113457 114179 113902 116472
24400 114564 116313 112656 114964 114699
24500 116747 114452 117106 114592 115427
24600 116658 113714 114980 113933 114976
24700 114252 115944 114928 114111 117927
24800 119395 115320 116351 116751 124274
24900 118250 119553 115499 119189 116669
25000 117442 115767 117686 117493 117023
25100 117005 119211 117048 115726 125948
25200 121411 117591 116938 118142 116788
25300 120509 118150 117190 117460 119687
25400 119501 118936 120670 118674 119123
25500 119518 118676 120732 119930 119411
25600 118711 120897 124937 120063 120009
25700 122380 120058 121001 119692 119878
25800 121467 119241 119372 123808 123080
25900 119887 119625 123938 120171 120086
26000 122750 124491 127065 126424 123730
26100 122452 120780 121967 123967 121093
26200 122562 122761 122111 126062 122411
26300 124062 121442 126403 123451 122379
26400 122988 124073 122299 123039 123807
26500 124419 126270 123884 124203 127371
26600 125019 125252 124305 123559 126212
26700 123337 125462 124309 125449 128168
26800 126579 123417 127362 126425 125498
26900 125378 127455 125045 127786 125141
27000 130970 126323 125890 125991 128031
27100 128031 126881 127308 127212 127293
27200 126836 128220 128666 126747 127842
27300 126501 127723 129058 126408 127170
27400 130634 126250 128656 131609 131110
27500 129696 129652 129528 130928 131547
27600 131234 130638 129825 130878 128576
27700 132092 134577 128837 129937 128123
27800 129557 131917 130420 129613 129302
27900 133157 129089 131576 130804 128937
28000 131061 130655 132644 131804 129772
28100 131249 129586 129760 131026 131071
28200 132478 130993 130633 130376 134759
28300 134085 131481 135310 132342 130402
28400 131484 136641 131206 131524 135125
28500 132477 132528 134466 134204 133367
28600 133840 135129 164524 134372 136436
28700 136647 133297 133762 139070 133282
28800 136599 134198 132244 136524 133819
28900 135563 140430 135031 133525 134581
29000 135369 134600 136421 134898 136384
29100 136989 134700 138307 136087 135838
29200 135322 137530 136299 134224 135717
29300 138113 135276 139877 144302 137823
29400 137455 140956 137988 137783 136300
29500 137766 135985 136913 138609 137747
29600 137332 140307 138471 137252 139619
29700 143492 139381 137427 140542 144441
29800 139246 143880 138962 138407 141036
29900 141813 141164 145202 138706 141014
30000 137842 143010 140003 142405 140099
30100 149377 139615 141650 139131 139776
30200 141515 140412 146021 146218 141861
30300 141274 141536 141793 141902 141409
30400 142040 141029 141675 140050 141413
30500 141088 143949 140329 142181 142048
30600 144506 142726 142975 142570 142715
30700 141959 142979 142178 142828 141054
30800 144931 144009 142590 141691 146560
30900 142880 144006 145514 142704 143603
31000 143967 142497 145254 145920 146707
31100 144350 143626 144395 144610 143606
31200 143957 145163 144063 145231 144436
31300 146422 145687 145622 147361 145896
31400 147483 145486 145487 148414 152411
31500 148739 145335 151311 150640 146807
31600 148362 147424 149027 153031 148427
31700 150170 151479 146785 148888 151473
31800 153188 149827 157894 151322 155003
31900 147926 147924 149444 155098 148510
32000 150377 147942 149133 149428 148353
32100 148476 155299 149890 149491 147941
32200 149626 148150 150694 149514 160956
32300 150979 151029 150810 150196 150055
32400 149205 149978 148851 150229 152699
32500 149977 149409 154360 150497 148852
32600 150600 151876 151389 152344 151338
32700 152192 151640 149815 150396 150354
32800 151383 151375 151328 155790 151484
32900 152842 154572 152685 154495 152613
33000 154785 151907 154449 152261 152228
33100 158198 162421 152582 156297 154056
33200 154744 152848 153896 154011 156268
33300 157535 155877 153694 153867 154756
33400 155528 156325 155384 159600 154034
33500 154904 156763 158460 167824 157416
33600 154792 158114 158448 155248 155484
33700 155764 157013 156094 157675 155920
33800 157563 156373 156820 157313 156478
33900 162097 159048 156917 163102 160542
34000 158271 157883 157840 159106 159675
34100 160268 157694 158547 162688 159982
34200 161537 158055 159519 160124 160092
34300 160553 161137 161437 159479 161653
34400 159704 161700 167259 160376 160337
34500 163799 161766 162010 161757 165174
34600 160545 161153 161741 164067 162615
34700 165357 165091 161803 165438 163008
34800 161899 191558 163615 162408 163195
34900 164309 167376 176440 163320 161761
35000 163383 166165 166474 163694 165023
35100 165481 174209 168718 167256 165609
35200 165377 166976 165876 166433 177889
35300 165609 168790 164848 167686 167977
35400 167808 165270 166504 166564 166705
35500 170989 166304 166146 165895 165894
35600 167750 175937 166505 171822 168711
35700 178671 169911 168401 170276 167996
35800 169571 168818 168491 170880 169195
35900 170051 169535 168950 168114 168974
36000 172000 169447 168113 168246 169136
36100 174237 171438 172150 176113 169436
36200 171745 172385 173700 179279 178666
36300 171290 172989 178687 171476 173114
36400 194356 171102 174298 173688 174625
36500 172842 171935 174672 170472 171191
36600 171748 171090 175626 174209 171359
36700 173735 173368 171545 174502 174336
36800 177008 173232 173306 176499 173300
36900 173373 172369 176640 175715 171398
37000 172603 174513 173563 173706 172769
37100 174452 177792 175108 176124 175235
37200 176589 172969 176385 176893 175535
37300 177871 176916 174865 179294 174098
37400 175120 176326 177035 179375 178318
37500 184261 179365 179307 176801 175997
37600 176277 181098 185406 176176 182194
37700 176384 176590 177357 177633 175237
37800 181772 178606 181371 177441 178146
37900 177547 178520 186195 178111 178561
38000 178573 185992 178774 178475 178820
38100 182884 179048 182662 178770 179541
38200 179586 178351 182624 180443 180352
38300 181319 179233 180163 184194 180425
38400 182525 181160 180503 182220 181294
38500 185198 180832 181592 181056 180618
38600 181514 204767 186040 180008 187554
38700 183879 183103 184903 185554 183877
38800 183408 183472 184250 185365 185065
38900 183446 182922 181954 188082 183916
39000 183045 199991 191526 186039 190299
39100 182533 183957 188544 182821 185465
39200 184786 185131 186681 186861 196160
39300 184790 186092 181880 186918 184662
39400 184872 186013 186668 185593 185713
39500 187097 186001 184240 187906 188902
39600 192004 189233 186941 187582 191009
39700 188255 192114 187425 186306 189932
39800 187363 188168 189131 186207 192292
39900 191732 188925 185480 191465 188324
40000 188451 188877 194673 188865 187219
40100 187423 189877 194555 188803 188762
40200 189390 190440 190291 188711 190984
40300 190182 189245 188946 190035 191426
40400 191286 190280 191970 191543 191993
40500 190484 190842 189943 191850 190221
40600 192375 190273 190145 194683 192574
40700 194760 193288 192919 195935 192244
40800 195692 192590 193791 192918 195601
40900 194288 195038 191617 199095 193661
41000 196242 193438 193915 194962 196681
41100 207093 195752 195138 198277 194234
41200 194818 198954 195474 196260 193934
41300 194847 195781 196460 193799 197820
41400 195652 196463 200097 194171 194035
41500 195498 199559 195918 196117 198734
41600 197273 196225 197545 195469 196389
41700 196395 196632 201463 196392 196521
41800 249076 232932 200411 202908 203469
41900 200815 199492 211548 204098 199362
42000 199666 200285 200020 197744 202056
42100 198308 204913 199844 199412 201183
42200 200576 205958 199556 203093 202427
42300 199815 203326 203779 202031 201533
42400 200165 202048 202797 202874 203123
42500 203939 202032 200290 203038 205107
42600 201629 200918 201124 203359 203272
42700 204244 203917 203686 203758 204123
42800 202378 206307 203982 203405 206911
42900 204074 206395 202952 203562 204910
43000 204348 203795 207651 207074 204883
43100 205737 203679 210068 204928 204957
43200 205246 204292 213869 208127 211486
43300 224098 209403 206984 205558 214078
43400 206334 208008 206619 212417 209884
43500 206147 207256 207889 206616 206393
43600 207126 210108 206164 212153 206313
43700 209942 208053 207231 210211 211070
43800 238312 237717 241222 243285 235844
43900 243633 237880 243232 247526 247396
44000 209876 212934 219787 217847 218600
44100 216592 211026 215033 211780 212660
44200 213098 212755 211355 214333 211498
44300 214453 216182 211722 213116 210386
44400 210676 210724 211092 210953 213397
44500 211499 211360 211476 211824 213459
44600 217254 213180 213446 241962 213091
44700 210958 216239 217330 211841 215315
44800 213731 210151 212755 211398 212367
44900 216797 214857 214538 213262 213011
45000 213128 216485 220649 218127 213021
45100 214282 213689 213840 213080 212939
45200 214289 215766 212263 213020 218529
45300 215918 213174 220259 217477 226177
45400 217840 216814 222736 219555 225737
45500 220744 218914 221315 215809 214727
45600 217843 215499 215924 223099 222484
45700 216726 217239 216498 215397 216874
45800 219347 217535 217256 219238 216201
45900 216993 219443 216308 217877 218612
46000 216523 215443 217321 217587 219359
46100 219091 218541 218520 219133 218344
46200 219196 217624 222238 220201 218533
46300 221711 222927 219310 224162 219257
46400 220011 219745 220363 224480 223680
46500 220106 220567 221319 222601 220629
46600 222526 222534 222484 225852 221834
46700 220247 222841 220979 221016 223050
46800 220493 224267 221011 219922 221529
46900 227890 227399 223705 223946 222748
47000 224359 220962 224234 226468 221908
47100 225227 226546 225234 224422 225172
47200 222206 223274 224033 232474 224854
47300 228051 224966 224482 224270 223752
47400 225404 227742 224353 227677 225954
47500 225815 222977 225315 224626 224971
47600 242540 224846 233073 223987 230333
47700 225124 225700 225189 225713 230907
47800 233001 227066 231338 240831 231999
47900 231722 237119 248160 227824 226261
48000 227224 228458 226892 226155 228731
48100 226848 225530 225629 228020 229464
48200 226598 226797 229060 229504 226717
48300 277775 229515 230538 227271 230334
48400 227387 238654 227661 235710 228543
48500 227498 228768 231542 233676 227826
48600 227520 230715 230797 229321 230305
48700 231681 232234 229975 229419 230676
48800 233690 230187 232727 245819 242714
48900 239331 232574 232023 232681 240903
49000 234570 230233 231332 233716 231961
49100 231402 238013 237927 232083 230306
49200 231440 234448 232690 231333 232879
49300 237041 242396 234656 231579 233318
49400 235048 233048 233538 231875 234711
49500 232439 232004 233904 234686 232682
49600 233728 235148 238657 234745 235424
49700 235002 236457 235880 231919 235975
49800 234845 236623 236634 234816 235325
49900 235939 238032 236461 234656 238302
50000 237604 236703 237025 236880 236521
50100 238493 241110 237697 236420 237823
50200 243199 234214 235914 235520 241467
50300 239301 239099 241771 238748 245925
50400 240101 239592 240703 238422 243035
50500 249548 240268 239085 238423 242712
50600 250517 248292 240564 241435 254362
50700 238507 238450 241344 242329 242247
50800 237676 238649 243791 241364 239357
50900 241529 240706 240046 239949 243325
51000 238675 239166 240790 243302 242520
51100 239665 243534 240098 244542 243917
51200 246742 251897 240415 242258 241239
51300 242369 241299 242617 240724 244656
51400 241010 242013 240548 244162 245652
51500 241750 241083 245002 250232 242775
51600 240241 242196 243319 247483 243484
51700 245544 240956 247582 241739 243910
51800 253844 243107 249145 246589 243828
51900 247198 243405 241868 244307 246644
52000 250161 246655 242440 262792 247968
52100 249103 242955 243865 248032 249058
52200 293516 255106 249241 247742 252808
52300 249570 252169 252137 248236 247088
52400 251639 248477 249659 250356 248947
52500 249996 254287 246899 248780 249235
52600 298995 261994 270963 263138 253711
52700 305496 289647 284167 256520 256791
52800 249221 249246 252390 268194 253237
52900 249264 251012 250750 250141 253534
53000 249965 249850 247928 249165 248907
53100 249246 251224 249760 251069 253776
53200 251006 249919 251789 250946 252859
53300 250886 251840 251733 251142 248012
53400 250362 253582 256804 249527 253075
53500 261905 251092 254057 254913 251834
53600 253328 252061 253167 254149 256956
53700 254473 252455 253734 257773 257881
53800 252550 257971 253219 259321 256398
53900 256123 254086 255040 252309 255151
54000 254423 253465 253834 264434 256486
54100 255374 264165 257188 255153 256396
54200 258288 256062 258603 260732 254788
54300 257268 255590 257776 254942 253204
54400 259085 255960 257504 253671 255719
54500 259915 257429 262291 256322 255484
54600 258414 259670 255600 260944 263363
54700 258447 260614 256713 259392 257306
54800 260178 258042 262736 257373 258544
54900 258208 260993 257335 259328 258424
55000 261083 258364 261137 258918 260354
55100 260861 258562 263785 258233 260967
55200 258826 258271 260035 263196 260361
55300 260503 260075 261505 265674 260765
55400 261263 263571 264540 260678 263380
55500 265174 262409 261813 265487 266924
55600 263127 263010 261102 266269 263101
55700 261802 261069 262960 262371 261166
55800 312515 264938 276910 264609 262890
55900 262858 275948 263833 263745 266154
56000 264994 271492 266320 268555 267991
56100 272682 269297 269590 264391 272027
56200 271126 274264 266368 268336 274699
56300 267999 264955 265406 264058 266163
56400 267295 266201 264783 267995 263728
56500 267049 268766 264763 266110 265759
56600 265518 270086 265425 266549 268370
56700 272550 266373 271629 265848 265821
56800 267702 268418 267981 266538 265809
56900 269802 266497 265470 269977 274291
57000 267351 271393 270093 274209 270911
57100 272222 267715 268139 270883 270662
57200 268754 280863 274320 268840 270524
57300 269185 287519 269924 269470 267914
57400 271596 268187 270168 267854 269025
57500 273528 269692 273093 273592 269967
57600 272210 272472 274295 269916 270482
57700 270699 273056 269566 272443 273477
57800 272101 269669 272394 275243 272480
57900 273104 281313 270288 270839 275965
58000 272828 273571 274053 275448 270221
58100 273272 274905 273274 273906 274308
58200 277381 274537 274028 280440 293161
58300 274490 276395 275886 277418 272010
58400 273277 286428 275039 272964 273671
58500 279396 273589 277377 275823 274492
58600 273090 276916 274698 279638 276930
58700 278258 273843 277552 275059 276917
58800 276991 280902 277053 281200 276923
58900 274846 284522 276491 278050 276739
59000 277205 278998 275225 276032 278888
59100 279629 278710 281180 276912 280206
59200 278081 278945 278114 282547 278454
59300 279534 278333 279330 281600 279814
59400 279040 281789 283199 278323 276884
59500 279939 278845 278976 276982 279667
59600 281435 280067 278063 281881 278840
59700 278688 280402 298218 280285 278047
59800 283244 283858 278512 279213 280211
59900 283070 281863 283118 282598 279930
60000 280360 280464 285686 289257 285126
60100 287596 288309 288168 287194 290250
60200 282366 285639 283534 281486 284746
60300 284128 285859 282820 283293 291331
60400 290650 283195 287509 287379 285324
60500 287358 287595 286821 284268 287603
60600 283877 283842 287109 288058 285641
60700 285817 281532 284796 288610 283355
60800 285655 284517 284300 284006 284870
60900 284127 284307 288119 289015 286535
61000 286865 287907 286913 284096 286689
61100 285976 288418 288432 293159 285803
61200 306375 293999 289316 298754 298349
61300 304975 294823 297233 289285 294279
61400 293940 294135 283859 292051 291129
61500 290922 294672 287765 287488 287097
61600 287524 292319 290183 289376 290327
61700 288138 290822 287644 289825 292728
61800 292135 287734 287948 288651 290177
61900 290222 288338 288715 288669 304090
62000 293860 295213 290432 295779 289952
62100 292600 291292 294062 290039 295969
62200 293211 294133 291605 291014 290559
62300 289335 290236 298028 293017 291009
62400 295864 291882 294449 290104 292345
62500 292150 292928 297109 291422 294100
62600 291668 292483 291182 292892 292080
62700 292554 296216 302345 293598 297179
62800 293275 293492 294008 294571 292499
62900 297522 296399 301495 299490 296501
63000 303687 298314 302348 301040 300073
63100 296729 301916 294376 308146 297700
63200 299326 298433 299910 296332 298695
63300 315056 298877 306116 304783 301336
63400 312678 300911 295899 299247 315721
63500 297280 297814 295468 298898 297445
63600 297371 297789 296565 297145 297639
63700 297702 300220 296555 296755 298449
63800 299137 298305 297724 304591 302452
63900 301819 297302 302034 301516 302980
64000 305395 299966 299877 301337 304798
64100 300245 298100 300591 301732 299703
64200 301711 303492 300947 301512 298419
64300 308410 304858 300803 308573 297462
64400 300859 306591 303582 309834 303876
64500 304210 308222 301418 305549 306929
64600 299829 303646 303394 311484 306864
64700 304365 299895 307792 303292 305240
64800 307395 302322 313299 304401 310741
64900 308823 302620 303874 306266 304851
65000 310962 302094 303221 304759 304332
65100 301921 310678 304844 305805 318120
65200 305923 306371 305998 305708 307924
65300 304704 305439 304692 304860 305368
65400 306072 313794 305508 305083 308981
65500 307762 308987 309553 306671 310741
65600 305847 307931 305017 306263 319943
65700 307753 307806 310473 308792 305714
65800 308034 311734 309405 307683 309903
65900 310331 307276 306790 309362 309454
66000 316776 308556 312394 309321 311261
66100 311628 309332 310298 310836 310709
66200 310263 309003 309188 307661 306170
66300 309859 313536 315225 313659 309411
66400 314220 312298 311453 314608 323972
66500 315727 310912 311973 312983 314510
66600 315285 311894 311670 312607 312687
66700 314090 311071 314701 312100 314388
66800 313069 316703 315013 314951 314309
66900 313595 313483 321153 320415 315151
67000 315726 315235 319933 319249 316747
67100 330252 324828 314864 316362 320677
67200 316052 321422 316873 317984 318314
67300 318457 315915 316057 314833 313584
67400 319582 318320 320107 316840 316379
67500 320905 315314 319436 321297 318348
67600 335859 335913 325872 317428 337405
67700 330476 325278 327325 321953 389293
67800 317418 319124 318843 320841 317499
67900 321582 321901 321240 318287 321522
68000 319385 323598 329259 324912 332191
68100 318544 326126 324453 322100 324499
68200 323229 322164 329421 332105 323306
68300 323929 325238 324593 324074 325763
68400 324855 324184 322874 329629 333773
68500 323163 326401 322941 339771 324786
68600 325259 334267 325934 327794 321727
68700 325432 322671 329278 328132 325054
68800 323446 326772 324560 344339 323886
68900 325629 323368 325010 324778 328744
69000 330852 326204 328329 326390 325832
69100 326635 327925 324076 333239 327199
69200 325680 324216 325856 328050 327440
69300 331044 327141 333011 330823 328253
69400 329468 330225 327982 331533 326958
69500 327140 328369 327745 329253 331488
69600 331676 330715 328249 329408 329588
69700 328312 330342 331772 329608 330429
69800 326470 328243 335037 333376 326246
69900 334610 328059 342844 338388 343563
70000 338979 338595 330022 330057 332722
70100 337173 332661 333180 333302 331811
70200 331771 333755 330551 332784 333467
70300 332273 335575 339618 333369 335480
70400 340117 333622 331821 335854 332501
70500 336603 340018 333093 330426 335324
70600 341593 332371 336557 346581 335341
70700 339786 339161 338588 330394 334162
70800 334004 339455 338101 333886 335763
70900 334936 338036 334102 337852 335323
71000 332614 336442 335272 337262 338460
71100 337149 336028 337106 336388 336609
71200 339983 337343 341407 341861 341504
71300 338375 339357 340452 337254 338779
71400 339013 338529 339979 341244 336461
71500 343464 338684 338633 339180 339533
71600 339239 341359 337343 339714 338370
71700 346197 341573 339243 338349 340860
71800 339370 343337 340271 341690 341673
71900 344746 342517 342726 339300 344445
72000 338939 344276 349573 340849 346680
72100 349122 344184 343953 342213 344813
72200 342996 466841 465299 454808 470844
72300 479060 498021 507022 449025 459963
72400 434381 454358 470649 499638 458806
72500 487456 503689 484064 455780 454340
72600 434196 446983 448522 457818 445296
72700 492491 480017 449091 443148 448595
72800 453775 450896 433773 476378 503434
72900 491069 455703 455515 488763 455450
73000 470292 446878 472879 413739 430324
73100 430961 431786 429082 429574 429341
73200 422118 423885 432058 433954 430777
73300 439391 423685 431303 426819 430721
73400 423730 429103 432103 427613 433935
73500 437323 442099 425870 448140 433625
73600 494843 494234 492087 475082 468803
73700 482224 483438 481483 585638 651159
73800 480921 559832 511641 460871 419437
73900 407229 424302 406773 415484 416420
74000 418452 401389 409463 432157 425108
74100 454100 428108 418831 427592 416772
74200 426216 430662 430625 426666 430183
74300 413259 423520 481915 444566 429227
74400 431180 425794 428212 430621 439766
74500 440337 443452 438867 436057 425859
74600 431381 433519 426290 430263 448247
74700 432594 438553 428701 427038 417572
74800 424056 419710 418742 434717 504652
74900 440114 427367 428520 438377 421166
75000 425830 423785 419707 427060 421814
75100 443047 442532 438324 435427 435826
75200 436935 444325 429608 443011 433577
75300 459033 464111 436682 448051 431731
75400 433796 434316 429200 441749 440689
75500 443344 463531 434808 443354 441030
75600 422521 427971 426870 428780 427933
75700 435582 432247 429611 426507 425513
75800 437828 429973 428089 422742 431552
75900 436004 433907 435814 429403 424791
76000 431882 428866 429059 482302 432183
76100 443710 433816 430113 433745 435792
76200 433935 432594 429611 430334 428758
76300 437218 442254 455812 437270 437054
76400 432829 456352 429108 434627 431787
76500 434669 439271 455242 440437 433617
76600 434357 460328 467100 432751 438931
76700 436489 436597 435758 439991 430753
76800 431518 436935 433247 437796 432952
76900 438291 457838 436036 444953 440647
77000 424267 434262 437131 440485 441058
77100 435004 444191 442872 439907 439304
77200 441163 442810 448731 432635 489022
77300 440363 448930 446028 444821 449172
77400 440336 453030 430620 461470 440373
77500 439934 441628 465553 465592 439779
77600 444805 447596 438915 448588 439263
77700 437112 448855 451706 458667 444774
77800 448174 443368 448663 435396 453797
77900 443133 474532 491982 454898 444617
78000 446799 440247 440226 437776 440410
78100 435778 453120 443392 453267 447298
78200 449709 443458 442362 444173 443906
78300 444124 449658 448131 450592 441801
78400 448185 457868 448536 442972 449937
78500 452185 453660 451126 453071 456857
78600 441823 446217 443043 444621 444039
78700 437931 456355 451364 451271 445673
78800 442043 452536 448498 448398 446854
78900 448999 452067 452532 458625 443720
79000 454374 454031 448638 445865 448861
79100 455930 485132 453500 449548 448020
79200 452888 446865 451721 448745 463869
79300 478718 452382 470929 455123 460734
79400 463586 446430 452930 448604 460251
79500 454022 460477 458200 453596 449559
79600 453879 450227 457204 451510 447255
79700 457570 463569 462025 460495 453461
79800 454682 460670 458161 455419 452219
79900 458442 465576 452729 460450 455108
80000 452082 450788 453915 453251 453704
80100 461884 457885 448373 462705 456428
80200 455556 454479 463481 450582 456858
80300 463347 459990 463090 457828 473471
80400 461437 451945 452655 456158 541632
80500 514119 480989 481615 515722 461582
80600 459364 469000 461599 474944 470405
80700 469507 466032 477182 458237 465143
80800 472934 460340 511657 534207 465280
80900 456856 469741 461251 466858 460593
81000 461120 461413 466612 470364 464322
81100 463473 461738 463932 463292 461139
81200 461047 462843 465899 471084 473825
81300 464323 485144 502445 467164 472084
81400 470789 466796 484035 468691 451942
81500 454707 462885 453414 456807 461875
81600 468474 469278 557721 453044 522883
81700 532934 533953 520493 471552 536990
81800 489657 476435 469413 513725 574667
81900 528274 551697 527844 632182 594414
82000 509461 506608 473979 434445 388116
82100 390026 389977 387327 389291 389293
82200 395803 395410 396643 396955 393703
82300 391751 393593 396625 404566 394023
82400 401835 420750 394101 397649 393630
82500 391670 396995 395258 395742 393942
82600 394145 398488 396727 395712 394642
82700 395786 395652 396897 397526 398284
82800 397918 396459 397528 402160 403418
82900 396428 397875 395947 397980 400284
83000 403061 403326 404340 400832 406206
83100 403174 405242 403856 404061 403432
83200 400795 404377 403498 405552 401376
83300 400210 396435 394606 396987 398185
83400 416457 407050 405430 411020 409939
83500 425020 409676 407194 407538 405920
83600 406777 407564 404951 410300 407363
83700 406780 407157 408824 409190 411214
83800 410464 405206 405233 410600 411885
83900 413401 405450 407961 408743 407808
84000 406516 405200 410399 412795 409707
84100 409628 408181 408028 409097 406834
84200 406829 408931 409526 409759 413861
84300 410184 407733 410559 409166 409384
84400 410747 407760 410265 413448 410890
84500 413347 412762 413067 412508 405083
84600 449257 414751 415882 415948 413301
84700 414955 412895 413459 408833 412705
84800 412550 414402 408002 413290 411983
84900 414257 418256 414038 416340 403709
85000 412374 417020 414394 414683 418181
85100 417423 413428 412283 414909 413831
85200 415179 414514 415615 414584 413286
85300 407156 410041 412140 411607 409601
85400 415040 411981 417249 414248 414305
85500 421578 421043 418671 415076 418191
85600 417055 415813 416261 413610 414955
85700 415381 418224 417850 416498 417621
85800 417599 416594 417642 417564 418990
85900 418706 414906 419965 419013 416405
86000 417613 420007 420440 421150 415880
86100 417199 415708 416073 417243 417208
86200 416434 414482 416817 416970 426006
86300 416978 424942 420562 418593 423041
86400 424533 426893 417171 471337 419971
86500 420595 418954 419416 419514 419318
86600 421857 425547 423728 421356 421556
86700 418255 421273 419811 426816 455061
86800 430650 429471 422167 415807 415147
86900 422081 422950 423098 423821 420399
87000 422742 422416 424131 423566 426847
87100 425493 424085 423975 422009 423974
87200 425911 423710 420779 424094 426069
87300 424563 423139 421734 427030 423612
87400 424961 424842 425391 425241 425317
87500 428131 427412 425663 427811 425377
87600 425400 426284 426119 424179 430287
87700 426436 426690 425828 424313 426173
87800 428526 426436 426064 426431 427783
87900 428611 426209 429762 427997 430874
88000 429259 427001 427601 428208 427158
88100 430409 426870 433318 434049 428308
88200 428790 425647 427355 426625 429639
88300 427131 426602 429101 428348 427012
88400 428151 426687 427695 427249 427773
88500 428091 426997 426740 429785 427962
88600 429391 431810 427873 434716 430748
88700 424537 427094 427264 426330 423932
88800 423832 424026 423387 423881 424638
88900 428146 430799 427476 425738 427495
89000 425833 424076 426502 427793 429265
89100 428448 429242 434292 429709 433468
89200 427371 425914 430629 424929 426490
89300 427952 427438 425789 427865 426236
89400 430595 431321 433662 431562 432902
89500 432324 433723 436101 439456 433223
89600 434812 430469 428749 435395 429896
89700 434314 432592 431033 433844 433403
89800 433821 428726 429723 436130 434808
89900 433485 431264 438907 435845 437882
90000 437038 433129 433608 432976 430223
90100 432548 432472 433656 434709 433636
90200 432493 446776 434701 434547 434569
90300 433826 435689 434462 435500 434821
90400 436852 442255 436945 440280 440835
90500 438640 438506 440518 442469 443249
90600 441283 441624 439804 439332 441373
90700 441069 440621 441273 441444 443403
90800 445510 443264 444024 440885 441374
90900 441578 440852 443922 441957 445540
91000 445212 442862 443405 442179 443233
91100 442375 440948 443507 440940 442786
91200 447541 442448 445574 443842 442822
91300 445685 442774 444580 443396 446284
91400 445180 444090 444741 443631 443776
91500 444058 442786 445345 443151 442740
91600 444765 444905 445901 444463 445532
91700 446317 444428 450608 445303 446436
91800 446630 446225 445708 444640 447366
91900 446685 451570 446128 447291 450064
92000 447391 446617 444431 447756 445779
92100 446351 446400 445404 446285 447166
92200 446460 448843 446567 448320 446961
92300 449696 447767 450764 450371 450566
92400 449282 455060 448133 446849 447427
92500 448886 448088 449487 448431 452718
92600 451621 452296 448496 451043 449892
92700 451614 448597 448113 451703 450195
92800 444990 449400 439644 445550 447330
92900 443770 457282 446523 446331 447315
93000 455237 457015 453355 454078 452575
93100 451988 452412 452704 454768 452798
93200 452606 458772 448490 451384 451939
93300 451463 451079 451642 449998 454201
93400 454146 449455 453076 453155 459259
93500 447572 448548 449666 449590 449358
93600 457633 453188 457738 454450 454492
93700 454999 452687 455644 455373 455025
93800 459722 454736 454688 452521 454853
93900 456101 453140 455032 453239 457301
94000 457582 455229 460486 458045 453129
94100 455884 454317 457190 458400 460529
94200 454859 454027 457595 456275 456181
94300 460731 457581 459643 455763 455979
94400 455318 456993 453508 456688 458006
94500 457390 455185 459545 459551 462441
94600 455819 458659 456244 455288 456164
94700 457462 459539 458012 457278 459190
94800 456282 460118 528734 548516 538326
94900 550170 541519 545825 546932 559499
95000 543803 545985 547030 544998 550858
95100 538784 583113 565130 552653 546976
95200 545488 556827 538760 547968 542913
95300 559657 546568 548159 545712 545599
95400 573187 549622 546875 574080 553158
95500 549242 559919 549568 538751 542305
95600 550129 570155 574303 542063 545322
95700 560000 552502 548165 544753 590493
95800 547830 541025 554540 537513 549773
95900 543863 556769 575332 560496 542088
96000 552000 551156 553778 548562 555711
96100 559486 561770 556444 545408 554547
96200 553294 546106 546682 566191 559135
96300 549889 564551 549156 552843 552658
96400 558545 557458 560565 547381 549342
96500 551434 544876 547271 554179 565380
96600 554437 548990 559100 551224 533844
96700 459390 465044 469609 466803 466825
96800 466430 466715 466104 466548 468877
96900 470429 472725 470139 470094 468066
97000 468883 469783 473895 476039 471894
97100 472159 467955 468047 469164 470213
97200 467871 472355 473574 474859 469614
97300 469402 471020 470054 469506 470909
97400 470461 468472 473987 470671 469852
97500 472808 470086 470370 468575 471604
97600 463727 464685 471490 467583 467759
97700 470452 471112 470307 472960 473128
97800 473989 475920 472148 473961 476358
97900 473966 474385 471536 474921 472412
98000 481116 473221 475916 478014 473548
98100 475278 473105 474270 481860 473779
98200 473957 474338 475206 474148 474567
98300 477695 472451 474549 482127 480930
98400 473367 486302 474977 474354 474131
98500 476538 476318 477173 477561 478513
98600 481809 477872 479230 475061 481652
98700 476488 475418 480217 481877 476912
98800 476052 473867 478257 475105 474254
98900 469482 471481 472392 472795 471846
99000 477270 477700 478165 478026 481158
99100 478291 478537 480733 474231 477666
99200 477653 475215 475755 477912 477783
99300 481186 480035 481806 488900 475746
99400 479252 483611 479908 481056 480384
99500 475741 477677 481512 480636 477600
99600 472934 472679 475027 475288 477747
99700 475972 478561 479564 475890 475443
99800 482135 476906 484960 480848 482336
99900 483501 481363 482759 482014 486974
100000 486124 494657 482734 486321 486826
