500 4192.47 4747.2 4018.87 2473.33 2284.8
600 5839.47 3863.27 3313.87 3772.8 3844.8
700 3992.6 5115.87 3161.2 4076.67 3660.8
800 3810.27 3501.27 3974.07 3602.87 5786.87
900 4381.8 4013.13 3920.2 4265 6698.87
1000 5017.27 4550.93 5237.8 5187.73 6389.2
1100 5111.27 5488.2 5260.73 7074.47 9824.4
1200 6767.47 7075.67 7075.27 7050.27 7211.33
1300 8432.67 12559.5 13378.3 7911.53 6893.93
1400 11121.2 8690.87 10743.5 7706.33 7231.8
1500 8544.07 8883.13 7802.93 8021.4 8479.93
1600 8359.53 9219.6 11914.4 8020.93 12761
1700 8975.27 10797 13508.9 12480.4 12230.4
1800 9430.33 11037.1 14214.9 14667.3 12521.5
1900 12614.2 11756.6 12564.1 20503.1 9809.27
2000 10445.4 10352.8 11129.2 10648.1 13718.8
2100 16094.1 14489.7 16045.4 12906.3 13680.3
2200 13468.5 14007.9 13149.7 15000.9 19022.3
2300 11674.1 17573.2 17784.8 13408.7 13894.5
2400 16400.9 12935.5 13155.5 19020.3 14204
2500 14953.5 12792.9 12772.6 16091.4 12942.3
2600 15955.2 12249.8 13733.8 14777.9 13549.5
2700 15068.8 14672.5 15714.9 16248.9 16539.9
2800 14873.8 15731.9 14117.1 15014.1 14265.1
2900 14433.3 14725.8 18024.9 14032.9 18165.5
3000 20554.8 20288.4 14576 18103.1 16852.5
3100 21109.6 19003.6 17918.6 20852 23060.7
3200 15979.5 15763.9 17411.5 16445.3 16013.3
3300 16579.3 20200.8 20824.4 21319.9 16646.8
3400 17749.3 17030.5 21179.9 19667.6 19044.7
3500 17698.5 19784.8 19691.1 16451.4 20647
3600 23599.4 21408.7 20242.2 19326.8 17748.7
3700 23157.2 19527.7 19476.7 18509.1 24535.4
3800 20700.9 18743.4 19728.3 22109.7 19351.1
3900 27174.2 19083.7 24695.3 19628.1 23613.8
4000 21935.1 20432.2 26654.7 22603.3 24240.3
4100 28143.7 19947.6 22143.8 26037.1 20311.1
4200 21332.9 26143.3 21574.3 25840.3 22899.9
4300 22530.7 27753.1 28360.9 26651.6 25395.6
4400 23564.3 27541.1 24067.3 29525.2 24071.1
4500 28614.3 23847.1 25808.9 24557.1 27973.8
4600 24364.4 30686.9 31208.3 26190.8 29013.7
4700 26921.7 27364.8 31216 32233.6 25810.6
4800 33615.9 24467.3 28114.8 31793.9 28859.5
4900 26980.9 26248.3 25033.9 26409.9 25103.8
5000 30068.8 28553.2 25501.9 28655.4 27786.8
5100 28032 29962.2 26120.6 26562.2 28875
5200 27079.9 28181.1 30307 27068.1 30723.1
5300 34575.3 30347.8 28181.8 27216.2 32591.1
5400 32652.5 33021.1 26983.5 28512.7 31581.3
5500 31173.2 32325.9 27250.2 27283.6 28789.7
5600 31771.8 32806.8 36996.3 31295 31500
5700 28116.1 29369.4 27215.3 34258.5 32071.7
5800 34140.9 36878.2 32890.9 32900.1 35950.3
5900 32631.3 32399.7 35000.9 29850.6 28421.9
6000 37041.1 34157.9 33393.1 36517.7 35281.1
6100 34882.7 34474.5 40351.5 45079.7 47254.7
6200 40543.4 35783.9 31471.8 34356.5 39995.1
6300 41745.4 33003.1 36393.1 38069.1 43537.3
6400 44259.3 37665.1 37134.5 47208 47014.3
6500 37187.7 40360 49379.1 38849.3 41477.7
6600 38018.8 38381.9 39478.3 36461.8 38861.7
6700 36503.3 44899.7 40586 39075.6 38078.3
6800 41373.1 43780.9 43701.2 38654.6 52982
6900 42070.8 41917.3 44012.6 42889.7 43625.5
7000 39266.8 44345.2 43745.9 39828.2 42150.1
7100 44559.1 44956.4 41190.7 45429.9 45808.9
7200 43735.7 44320.1 39616.2 43770.3 49422.9
7300 52430.6 47264.3 46749 44017 44979.3
7400 42186.4 50565.3 55534.7 46306.3 45186.4
7500 45975.6 42865.9 42440.5 43604.3 38925.8
7600 42541.4 49647.5 42000.7 45228.5 46555.8
7700 45693 43993.5 42722.1 44439.3 44320.5
7800 42901.5 45994.3 54456.5 43908.6 44406.7
7900 46162.9 44237.9 43927.5 44270.7 46222.5
8000 53836.2 46534.2 47471.9 44412.3 48775.7
8100 49229.1 45406.3 46755.3 42579.3 46211.9
8200 45253.3 44475.7 48508.7 48156.7 46494.6
8300 46720.5 50190.7 47532.1 51071.9 46622.1
8400 48557.9 47912.3 50796.7 50909.5 49288.7
8500 48036 48715 56037.8 49007.7 50359.1
8600 48349.6 49482.5 52811.6 52554.1 53278.3
8700 49804.3 49248.9 57148.9 55029.3 55733.3
8800 56408.1 55596.9 59654.4 53302.8 60204.6
8900 71208.6 56410.6 60409 56499.3 63946.5
9000 63150.3 54622.9 67318.9 51496.9 60472.9
9100 61971.3 56020.7 52266.3 55877.3 54258
9200 51883.2 54973.9 54384.6 53626.3 50650.2
9300 56238.9 54310.1 56480.4 54846.5 53537.9
9400 57923.7 55304.2 62734.9 56254.1 55054.7
9500 53243.9 56056.1 53702.8 59015.1 52829.2
9600 55796.3 56252.2 54665.6 58742.5 57849
9700 57167.1 59221.9 55059.3 67291.5 60714.6
9800 57357.7 56405.3 58081.9 55293.5 60116.1
9900 61215.9 57937.5 60665.9 56549.9 63447
10000 57156.6 67276.3 59485.6 67840.4 60294.9
10100 69564.9 58040.3 59457.6 61842.4 58195.4
10200 59771.4 61376.8 61729.6 59098.7 68961.6
10300 64427.7 63213.1 62571.9 64390.5 63059.3
10400 65000.7 67803.1 67936.1 71209.9 74004.3
10500 64841.1 68414.5 78494.5 69708.3 72533.1
10600 71286.1 62345.7 62403.9 66325.4 64020.3
10700 60897 65686.1 59762.9 60358 65036.3
10800 62541.6 64715 65559.7 67140.5 62855.8
10900 60958.7 67413 64569.3 63082.9 66916.6
11000 82518 70664.9 66064.2 65822.1 68507.7
11100 64136.2 65409.3 64662.5 69122.1 67519.7
11200 70331.1 68161 67798.3 88833.1 69924.7
11300 75115.1 86846.4 66714.3 65633 69513
11400 66481.9 72113.3 65006.7 69734.1 81293.2
11500 72328.5 67639.4 68873.9 68574.6 68888.9
11600 72777.7 72697.5 74341.3 73198.1 72339.2
11700 73795.6 73670.9 82854.1 77734.4 74416.7
11800 77052.8 80891.5 77155.7 76068 75991.3
11900 69141.9 72057.4 72358.3 69353.5 66686.2
12000 70337.4 70636.1 70917.4 69827.9 72525.6
12100 74352.7 70258.2 67324.3 71748.1 72569.9
12200 71046.3 68112.1 74105.9 74781.3 72342.2
12300 85976.8 84410.6 69144.5 66692.5 75053.6
12400 73826.9 71174.9 74446.6 69973.1 71441.7
12500 78902.1 78035.6 77582.9 70012.2 68606.5
12600 78875.4 76848.8 78397.3 72358.1 72943.1
12700 72171 75010.4 71093.4 73742.5 85251.8
12800 74789.5 80391.5 82674.9 86216.5 91387.6
12900 85060.1 84761 82070.7 85515.3 82236.5
13000 79997.3 80976.1 75262.2 79515.1 75433.3
13100 77435.9 84249 72994.5 78321.5 77072.5
13200 75661.5 78355.4 78987.3 73495.6 83603.9
13300 76729.5 79603.3 82640.3 74732.7 74394.9
13400 85287.1 79653.3 80224.3 78167.9 78605.3
13500 76713.9 76938.3 77637.7 79603.2 79108.1
13600 87243.4 80695.7 81499.7 82866.7 87070.5
13700 79742.9 85519.7 85643.7 85761.3 83568.5
13800 85831.5 101221 80909.5 93539.9 93813.5
13900 87365.3 84136.3 94551.4 90173.1 93240.6
14000 91469.9 96343.4 89764.9 95726.7 91880.5
14100 82945.2 83168.3 86620.8 85287.9 85285.6
14200 81628.9 97804.5 91907.6 80067.1 82144.6
14300 97942.1 88567.5 85802.1 96615.8 85230.1
14400 90711.7 89840.7 84098.4 107311 105850
14500 105231 84567.8 89480.4 85128.3 89284.3
14600 86783.9 98862.3 99910.9 95795.1 91647.7
14700 81796.5 94823.5 88829.8 86444.5 85976.9
14800 97546.1 89858.1 88806 96407.6 96083.5
14900 103023 98197.6 95049.4 108910 98341
15000 96556.7 98162.9 94832.5 95305.9 93635.7
15100 92530.7 84927.2 88270.3 87505.9 93885.1
15200 90048 89750.3 107634 90019.1 99218
15300 96818.3 90241.6 87433.6 88903.1 93112.7
15400 87889.1 86073.5 94235.7 95468.7 91471.5
15500 89551.9 95520.2 92419.5 88705.6 85398.5
15600 89411.9 93882 93320.9 92083.6 92722.3
15700 89014.3 100088 89579.8 93832.9 99059.8
15800 102341 103495 101829 109875 101385
15900 102407 100797 105050 106661 101328
16000 93087.9 93638.2 93661 95288.5 92633.8
16100 94112.3 90164.1 117856 93929.1 107208
16200 99310.7 89218.3 105894 96191.8 95626.3
16300 93171.1 107715 95658.9 102883 97656
16400 99150.5 101932 100754 95706.7 102763
16500 98915.2 95553.6 93985 99278.6 94865.3
16600 98642.3 102091 98241.4 100480 100339
16700 107887 112430 108819 105345 105612
16800 110431 109425 111802 112569 109484
16900 103300 105017 98767.7 97673 110031
17000 108359 105997 99907.8 101249 94866.1
17100 128613 110709 114086 97431.9 111605
17200 79183.9 85848.9 79031.1 78151.7 78576.2
17300 77915.7 78610.9 79013.5 79506.7 77768.3
17400 79000.8 78779.1 78596.8 79739.4 80436.6
17500 79959.5 79783.9 81425.2 80838.2 79971.9
17600 79689.5 79999.1 80084.7 79980.3 79830.4
17700 81415.5 81571.7 81323.7 81319.1 82598.5
17800 81451.1 82859.1 82734.9 81132.4 82383.5
17900 81204 81760.4 81014.5 82416 81355.9
18000 83009.8 81859.6 81405 82731.3 81809.4
18100 83338.2 84188.3 83905.3 83845.9 84747.2
18200 83265.7 84449.3 83730.4 84511.7 84411
18300 84411.6 84476.6 91396.9 94107.3 95500.4
18400 85692.4 84420.7 88738.5 86199.1 116134
18500 89989.1 87823.7 87423.7 91305.4 85787.3
18600 89756.3 93600.7 97392.5 91641.7 86023.2
18700 86626.3 93785.1 89000.5 89616.4 85177
18800 88341.8 88688.2 89273.7 92061.5 88738.5
18900 93276.4 90558.1 90196.3 89848.8 88595.5
19000 90143.5 90162.3 90079 89475.7 88519.4
19100 88756.9 88571.9 88878.8 88326.7 99063.9
19200 89538.8 88910.5 92957.1 89510.1 90116.8
19300 92692.9 95142.7 91707.7 99453.5 93644.5
19400 90640.5 91211.9 89958.7 95302.2 90239.8
19500 92063.4 92148 91553.8 90455.8 90951.9
19600 93055.9 91455.4 93854.9 90687.4 92159.5
19700 94557.6 92629.8 93669.8 91976.7 91090.2
19800 92000.7 92832.2 92644.8 93214.5 92881.8
19900 93478.1 92085.7 92451 92247.8 93479.4
20000 93323.5 93637 92611 93395.9 94560.1
20100 93070.7 93923.8 92299.5 93140 93811.2
20200 93834.7 95049.3 94384.9 94618.5 94795.7
20300 94311.4 94714.9 95678.8 93469.7 94953.6
20400 94993.3 97157.3 95328.6 94256.4 96602.3
20500 99160.7 96153.3 95343.9 95564.9 95055.5
20600 95848.2 97275.2 95535.1 94972 95729.3
20700 97604.1 96066.9 97311.7 99547.3 98336.1
20800 96849.6 96482.3 95920.3 98556.7 98044.9
20900 99613.9 98984.4 97823.7 98607.5 97559.3
21000 101475 97955.3 96939.3 97372.5 96932.5
21100 97996.4 97900.1 98396.9 98072.9 98748.5
21200 99679.1 102891 100407 100433 98238.7
21300 98906.1 99691.1 99402.1 99324.1 98698.6
21400 99713.5 100862 100441 101327 100248
21500 105415 108784 100708 100270 100088
21600 102568 99990.9 100065 101399 100087
21700 103089 100760 101885 106264 102395
21800 102321 101119 102434 102252 101917
21900 101940 103236 103278 101889 101120
22000 103190 103513 102128 102028 103157
22100 102287 103543 103208 104213 103757
22200 103482 103089 103281 103730 103195
22300 105540 103555 106613 105083 103960
22400 104565 103753 103739 104691 104813
22500 106957 105484 106347 107707 106799
22600 105914 105955 105687 106595 107501
22700 108124 106285 105217 108052 107951
22800 107012 106248 109724 107092 106224
22900 108982 108061 110755 106696 107393
23000 108572 107847 107823 106484 107715
23100 109187 109523 109876 107171 108519
23200 107214 111174 109916 109817 108256
23300 108669 110596 109713 109248 108406
23400 110688 108986 108610 112706 110321
23500 110529 108919 108990 110290 108639
23600 110675 121489 109976 111922 111061
23700 115356 111733 113753 113959 117144
23800 113754 113700 112532 110365 112340
23900 114783 175917 113296 113968 111280
24000 111614 112471 114841 113079 149061
24100 113736 112861 113184 112232 111638
24200 113190 111620 114710 112373 114617
24300 113613 119385 114302 114322 113347
24400 113037 112735 118062 115584 114564
24500 113431 114586 114003 113562 112960
24600 113597 113270 114311 114262 115892
24700 115812 115317 114231 114054 114761
24800 114339 115146 114699 116374 116154
24900 116401 115692 115950 115387 116457
25000 116606 115778 116035 115871 116806
25100 115671 119070 117435 120147 116937
25200 115962 116407 117493 117856 118387
25300 119264 118072 117103 118584 117332
25400 118239 121674 121753 118930 117393
25500 133334 123387 119681 118849 118751
25600 124985 121778 120938 119205 120637
25700 119526 119825 120828 118342 119484
25800 120961 122670 120510 120174 121069
25900 119832 120583 122458 119742 120665
26000 123531 120864 123995 121633 121567
26100 122563 121861 123100 121723 122017
26200 123328 122453 121671 122817 120359
26300 123958 125757 124526 123757 121468
26400 127219 123244 130382 122178 122287
26500 125580 124803 124160 124133 125327
26600 123921 122827 128389 124241 124762
26700 124323 124423 123526 122975 125248
26800 127393 124788 130253 124782 125537
26900 125615 124693 124546 125148 127183
27000 126345 125575 125626 126865 124862
27100 125062 127081 126890 127235 127519
27200 127527 128710 127261 127740 128132
27300 127156 128635 129251 128981 130588
27400 129265 126852 132671 131831 128442
27500 131602 131007 129261 131022 128473
27600 129348 128800 128212 128489 133913
27700 130833 127826 128171 128883 131250
27800 129292 132192 129164 128709 131022
27900 129297 127683 129144 131531 128291
28000 130578 129967 133439 130194 131227
28100 130146 130948 130402 130772 130617
28200 129797 130129 131508 131776 131041
28300 130268 130791 132598 132537 131288
28400 133479 132286 131753 130398 131983
28500 132409 131795 131216 135610 134611
28600 133641 166194 164815 137040 133707
28700 135593 136656 135879 134313 137198
28800 136438 133368 137320 135080 133551
28900 134289 133649 134162 137050 134820
29000 135047 133146 136369 138452 134224
29100 135318 134537 135303 134928 135397
29200 134853 135729 134648 135678 138400
29300 139485 140769 145564 136533 134345
29400 140187 135961 136059 136246 135567
29500 137949 137609 135911 135576 138005
29600 137220 138912 137211 137963 136988
29700 141763 138194 140038 138956 139386
29800 139967 139438 138800 137897 139068
29900 137944 139390 140095 143877 148665
30000 140968 145023 148367 143929 140252
30100 141350 140730 140484 139212 140511
30200 140402 140930 140536 139770 143411
30300 138533 139731 139983 139749 139759
30400 141394 141363 141368 141307 140673
30500 143279 148017 143665 141575 154044
30600 143133 141787 141767 144359 142409
30700 143854 144490 142941 141531 149589
30800 142871 141810 143092 142409 145399
30900 143835 142738 143545 141431 145771
31000 143673 144478 145456 144516 142367
31100 147325 144694 144805 144217 147169
31200 143250 145469 156049 146080 145795
31300 147371 145725 145794 145228 146484
31400 144899 146118 146361 144510 147668
31500 144748 145004 148911 147126 149274
31600 147980 149532 150263 148923 146599
31700 149758 147440 151613 144980 148123
31800 146993 164507 151051 147961 148319
31900 149105 148912 151993 148505 152068
32000 151721 148205 150059 148668 151508
32100 149734 147986 150846 152236 148455
32200 151496 149263 148996 153305 152325
32300 150017 149300 149366 147277 150792
32400 148653 148844 150247 149406 149583
32500 149408 149645 151729 149869 150277
32600 150096 149198 149126 153921 151557
32700 150735 151687 152534 151773 151320
32800 151148 151151 152581 151022 151388
32900 155401 152661 151050 151630 153093
33000 154037 151111 153396 152069 152689
33100 153795 153096 153407 155005 151931
33200 153327 152201 153624 153132 154091
33300 153156 154330 156720 154884 156190
33400 154628 156756 153773 153287 157119
33500 154661 154500 155727 156820 155596
33600 155591 156062 155318 154836 155498
33700 155752 156459 162672 156472 155431
33800 155582 157002 159638 156401 158561
33900 159853 160373 161246 160511 156279
34000 157113 161127 158359 162637 158456
34100 160296 157795 158534 157338 157392
34200 160593 159183 161058 159020 161580
34300 160267 163250 160572 161038 159343
34400 171999 160361 165464 161110 160403
34500 160200 168365 166516 163963 162760
34600 164742 163525 160367 161410 164030
34700 160680 162955 162066 162592 161525
34800 168346 165209 162367 163385 162568
34900 161484 164105 166926 162531 161041
35000 164972 164392 163875 163097 166551
35100 165360 165745 166764 164379 168724
35200 166686 163950 163890 167153 165282
35300 166745 171745 165426 164227 166358
35400 166220 169103 168475 164354 165930
35500 165612 166471 166450 165540 167291
35600 166829 169729 171870 170478 168919
35700 167691 173185 168231 168039 168851
35800 170458 169123 173630 167901 167809
35900 170055 168368 167099 168028 167702
36000 169779 169131 166738 168757 167525
36100 172270 172689 171347 169322 170140
36200 168819 172839 172772 170267 170357
36300 173187 170687 171808 175636 171502
36400 176197 178480 169988 173237 171111
36500 172233 173686 170682 170146 175503
36600 170663 170091 174634 172185 177103
36700 172135 175237 172601 173035 172787
36800 171666 172137 171874 174689 174553
36900 178362 171741 172258 172746 173513
37000 176278 173071 175727 178715 172666
37100 172865 176874 174537 178862 174433
37200 175131 178935 175125 174575 177024
37300 174890 176308 173869 175157 176077
37400 175745 173678 179911 177740 178296
37500 178096 177983 176236 181058 175323
37600 177271 175928 177914 175146 174909
37700 177767 175816 176800 177115 179215
37800 178444 178677 181099 177695 178814
37900 176475 179583 179793 180657 178602
38000 178238 179818 179690 176570 181468
38100 181060 178672 178057 180576 180076
38200 180579 180038 184924 178431 179384
38300 180260 180953 178993 179546 180016
38400 179840 183073 180977 181325 182579
38500 186570 180012 188454 188123 185152
38600 193638 188877 194071 183226 183689
38700 182416 183660 182232 179794 181916
38800 187839 192737 185935 182790 186393
38900 184688 186569 182520 182973 181965
39000 194755 188132 192503 185868 185251
39100 186070 186268 183641 184120 185131
39200 182524 186555 187036 184078 182803
39300 185745 183526 183606 186027 183176
39400 186706 188181 188786 184292 188850
39500 186049 183704 186997 189853 186097
39600 185218 187442 191537 185677 185730
39700 192224 186499 187535 189071 186766
39800 185894 184917 186559 187099 185904
39900 189616 191993 203336 190687 188673
40000 191253 187293 187878 187726 196616
40100 188361 188049 188452 188195 189226
40200 188105 189005 190106 189849 188833
40300 188943 191415 188764 189558 188094
40400 190948 193578 196632 190500 189349
40500 189455 192023 194128 190268 190120
40600 189710 191143 193087 225592 190579
40700 192989 191753 192862 193827 191609
40800 191800 194221 193970 191559 192263
40900 192768 195891 202129 191417 193728
41000 192602 193138 197725 195194 194123
41100 196498 197116 199501 196480 195140
41200 195924 199301 199992 195364 195192
41300 193688 193314 197131 194504 193357
41400 194510 194012 195740 195000 195202
41500 196841 195896 195688 195762 196581
41600 196768 198584 197409 198383 196427
41700 196470 196777 196985 196697 198022
41800 228219 209953 200460 201306 200511
41900 198090 210452 202037 199142 201339
42000 207959 200815 198997 199546 200833
42100 199218 200502 197434 199180 199931
42200 208111 202456 198796 204347 200515
42300 203477 200549 200604 198732 200485
42400 200498 201812 201573 203319 203183
42500 200283 200517 202041 202451 200297
42600 202144 204255 203279 202287 201890
42700 201881 202364 209325 202209 206138
42800 203338 202339 203704 205842 201620
42900 205778 208072 205138 206115 204618
43000 206035 203477 203506 206044 206497
43100 205234 206830 204143 205436 204639
43200 206378 211283 204611 204011 215963
43300 208633 204834 206496 206253 210094
43400 206535 211952 205735 205561 205105
43500 207377 204290 205061 209563 207261
43600 206427 205689 208153 206942 205860
43700 208420 207178 220128 209835 214480
43800 243932 248330 244155 243069 244405
43900 242361 241738 235234 244792 243270
44000 208083 217073 209481 212696 213943
44100 211659 211753 210727 212676 208149
44200 215563 209319 211680 212858 210390
44300 224531 217965 211516 209239 212145
44400 212073 209487 211815 210065 210886
44500 209583 210710 212356 210539 212276
44600 213853 214907 234768 213924 211569
44700 213600 213073 210400 214391 211513
44800 213531 213587 213704 211124 210177
44900 210322 214125 216271 213902 214786
45000 213588 216754 216233 212464 217605
45100 213577 216909 212491 213755 215668
45200 214303 215623 213201 214436 213378
45300 221264 214069 213962 213539 217136
45400 215165 221763 219409 216248 216389
45500 217637 218308 216435 216566 217474
45600 216555 215541 214685 215855 217314
45700 216822 216096 217155 216166 217965
45800 214872 215485 220194 215222 215121
45900 217426 218621 218191 217193 219202
46000 215826 218450 217254 215597 216401
46100 219947 217458 220209 223329 221236
46200 218080 219690 223273 218726 216789
46300 218763 218430 218307 218106 220600
46400 220162 217985 219083 220198 218514
46500 222361 219849 219978 219536 219085
46600 221538 222468 220367 222211 221478
46700 221572 224967 220955 220630 220607
46800 221130 219894 222274 222946 221450
46900 220793 225067 219989 221704 220177
47000 220293 220667 220597 225384 222947
47100 221955 224149 220455 228061 223631
47200 222478 222120 221409 228031 224412
47300 223039 226161 222483 223486 225696
47400 224374 223411 223781 228009 224477
47500 222711 222669 225540 224107 224302
47600 227434 224447 227087 224836 232059
47700 225045 224400 233107 226016 230479
47800 236445 227496 231901 238805 234972
47900 232579 236222 226440 226553 226420
48000 225248 226505 226523 227228 227174
48100 225378 226167 227569 227247 233737
48200 227030 227990 227945 226329 230941
48300 227153 226973 227123 226521 231897
48400 225674 228966 228678 228390 228788
48500 229946 228496 225643 226373 226010
48600 232694 229697 230597 228008 228205
48700 228417 234878 231340 236979 231365
48800 229010 229769 233770 229967 234059
48900 233162 229301 232496 233850 230802
49000 240365 230342 234644 229804 230991
49100 232321 231542 232224 234096 244243
49200 234182 231610 230698 233868 231272
49300 232680 231972 230729 233572 232055
49400 232937 235830 231356 230352 231126
49500 231892 230007 231010 232389 231560
49600 235264 235676 233649 232830 234597
49700 235018 231131 235860 233980 233973
49800 234837 242738 234934 233479 237092
49900 235519 234178 237545 237682 234385
50000 236553 234080 235760 235795 236619
50100 236390 233505 236867 239105 237833
50200 236419 237088 240390 241386 237415
50300 236245 247184 243174 239388 235476
50400 241778 238552 241312 239003 240360
50500 240854 242306 239266 244903 247699
50600 241725 240079 243735 246657 241325
50700 240648 242227 237570 239825 239522
50800 240194 260810 245348 239151 239718
50900 238572 239121 239705 238125 240433
51000 239245 238687 242544 240636 241742
51100 240549 240134 238302 240326 252947
51200 243042 242481 245215 241940 240846
51300 238948 242956 239670 240214 242087
51400 241055 242095 248085 242605 240872
51500 245687 242635 241549 245430 244574
51600 246145 244412 241438 242966 241346
51700 242399 244926 242951 242584 249470
51800 246625 246176 242832 241963 246927
51900 245541 243423 242607 242777 242590
52000 250393 242682 246674 257073 242455
52100 245523 250110 244659 247993 252780
52200 270346 250137 250358 246717 250694
52300 250307 247149 249317 254553 246063
52400 248543 250254 248315 247454 252622
52500 250128 245878 247649 246904 248363
52600 268882 263709 255902 250127 251344
52700 301232 291564 252755 258711 251000
52800 250774 251527 260755 254244 249358
52900 249208 252946 248651 252277 248343
53000 253702 250174 254365 250368 247915
53100 249885 254231 247981 249796 248753
53200 250747 249069 251516 250495 252033
53300 250356 250170 251051 260134 251530
53400 249868 249957 250517 251239 249232
53500 255214 251908 251438 249471 253493
53600 251827 257743 252689 250839 257334
53700 250890 251517 252776 252285 254437
53800 252908 253025 253153 251034 252972
53900 254505 253001 254579 253158 255084
54000 257176 254385 256573 255350 254051
54100 253653 254286 259217 253751 257317
54200 254348 255342 257114 254179 256684
54300 257057 255312 260278 257874 255974
54400 257995 256648 255656 260838 256142
54500 255347 256132 256004 258634 257655
54600 259617 255223 257222 255886 257682
54700 266732 258465 259125 261705 257051
54800 259097 260697 260823 258664 259087
54900 262690 259634 256067 261410 260117
55000 259024 259438 257694 263858 259238
55100 260730 257829 261549 259647 259399
55200 259004 259327 258729 259330 263555
55300 259205 259308 258179 258552 261112
55400 262082 260674 262374 263430 264387
55500 261405 263712 264065 260641 266947
55600 262401 259940 262001 263851 262591
55700 265223 264163 260784 264411 262561
55800 272979 271746 271758 262413 266350
55900 272283 267345 269274 263434 266963
56000 262319 267372 263490 266779 282841
56100 274130 275426 264163 270065 263117
56200 271521 268731 263050 264133 264110
56300 270859 264197 265944 262969 263939
56400 265390 264494 270343 264753 266086
56500 266493 265112 266721 265458 265602
56600 264591 268052 264453 264284 266503
56700 265045 268387 271081 266262 267208
56800 268124 264564 272129 267741 268032
56900 265981 268048 264828 271162 270581
57000 268737 269017 268946 267163 269667
57100 267479 269857 265276 266234 266339
57200 272876 279688 271471 267907 266722
57300 283186 267688 269449 268327 265504
57400 271696 274207 271069 271312 269727
57500 268247 269925 268917 268737 271789
57600 269956 270835 277533 269314 270914
57700 268923 269974 270976 269827 269759
57800 273739 269173 270457 273078 270436
57900 270413 272150 272416 270704 271025
58000 271117 270761 282716 272246 273776
58100 270418 275161 272431 272391 276324
58200 277054 271278 272133 276084 274873
58300 273483 278302 272153 274267 274289
58400 273985 277421 272966 277656 273632
58500 273881 277120 273878 274934 274541
58600 273515 272766 274734 277239 278923
58700 277246 272616 279826 277277 276506
58800 276851 275713 283941 274804 276767
58900 276641 276260 276583 276641 276054
59000 274778 276029 279368 282152 277082
59100 278946 279602 277399 276860 275388
59200 279009 275683 278275 282516 277541
59300 276847 278421 292229 282085 288603
59400 282951 282257 282704 281568 283044
59500 278437 276556 279759 280726 277039
59600 280444 278306 283414 278562 279669
59700 290177 279053 277055 278511 277913
59800 280536 279035 280509 281053 281201
59900 279894 279251 283178 277540 281354
60000 281694 282372 280835 280851 283456
60100 281718 284698 290546 289805 285659
60200 286507 283859 283898 283982 282557
60300 284035 284621 282839 288395 284098
60400 282391 290228 284523 283692 291990
60500 282175 283889 283637 285420 288734
60600 283502 283222 282952 282110 285112
60700 282195 289224 282573 281705 283553
60800 286121 283746 294358 288880 289763
60900 289266 284948 287686 287990 288859
61000 289696 288465 287505 284381 283593
61100 288349 284598 287324 284594 297831
61200 297286 287170 289598 309835 301152
61300 292950 291712 296648 286098 287553
61400 290608 287888 286696 287927 286735
61500 288077 287332 287472 284393 285035
61600 293334 286160 288386 287251 287829
61700 287073 289355 289433 291268 287536
61800 286689 289184 288218 287713 288453
61900 287552 293130 289690 289224 291778
62000 296697 290660 290569 291862 292684
62100 292001 292751 288117 289316 295499
62200 294242 292254 290142 289773 297321
62300 289847 293400 296187 291355 291666
62400 292385 293843 290413 290541 290867
62500 291753 291622 293259 294113 291464
62600 292537 292074 291858 292507 293080
62700 290168 292056 289977 296150 293864
62800 293572 293506 295863 293462 301709
62900 294586 296198 317501 299136 295830
63000 292538 298236 301257 293444 299846
63100 295027 293216 294571 299948 295490
63200 299123 296660 305517 295613 298434
63300 298996 303599 310070 296945 310563
63400 311028 300883 299766 294476 299213
63500 298810 295572 299093 294629 298157
63600 296898 298650 296114 296478 298922
63700 296943 296243 295782 296569 298017
63800 300198 296388 300961 297519 298172
63900 297011 299897 300318 301817 302561
64000 300642 309089 301400 301639 302328
64100 299134 305777 298779 302337 301162
64200 313463 300386 297483 301966 299946
64300 301842 299541 299544 301772 298999
64400 300874 302382 302133 303651 302295
64500 304989 302132 306637 301593 299664
64600 302302 303180 299332 305931 306220
64700 304256 301203 303371 299725 300393
64800 306238 303319 304425 311760 305132
64900 303864 306876 304812 305156 303706
65000 303002 311044 300726 300418 303678
65100 304237 305648 304538 301425 307129
65200 317751 303416 309541 302645 305630
65300 315056 304978 305214 304441 304215
65400 304479 311452 304843 303618 304498
65500 305490 304332 306469 305438 304904
65600 306876 309756 306392 308916 307124
65700 303746 307944 305707 309252 305751
65800 307694 307894 310644 310045 314235
65900 312756 307574 310074 309347 305604
66000 311040 309522 311195 307348 311024
66100 311005 309729 310994 311883 308556
66200 312726 308330 310016 309527 310845
66300 309658 313105 314926 306990 310988
66400 312693 311581 319006 307953 311020
66500 311759 313317 312561 312993 312904
66600 313658 317635 310497 316495 313356
66700 313340 310431 310808 310383 311693
66800 313442 314829 311013 312816 324528
66900 314688 315452 312715 311602 318829
67000 315572 314574 313107 318124 312402
67100 325735 322255 321404 325086 319339
67200 316571 318180 315589 315828 320315
67300 320442 313981 313415 315228 313471
67400 314715 314896 314048 325805 317914
67500 313540 317115 317161 315393 320096
67600 325251 323142 323926 322150 316201
67700 348190 316183 323507 329030 315818
67800 317689 318431 318116 319934 317192
67900 320450 318435 321602 323000 318956
68000 318949 320164 319242 321526 317105
68100 318837 326712 319508 319692 321491
68200 328179 321902 324884 326905 339354
68300 322952 321483 321634 332211 321461
68400 321348 334360 318454 328300 326039
68500 322814 320842 322185 319274 321554
68600 328726 320409 323492 323691 321153
68700 323566 323842 325956 324677 324374
68800 321702 323698 326829 322696 327993
68900 327405 321080 327938 321885 324242
69000 325252 324267 322969 330527 325190
69100 325012 324374 326879 326369 325169
69200 330521 327929 332110 323406 324404
69300 326638 324456 325827 329522 340703
69400 328574 325822 327539 327611 327308
69500 330884 329084 327799 328307 328028
69600 324663 334102 327021 327209 328273
69700 327704 327579 329543 328596 328710
69800 330288 344121 327523 333054 329334
69900 332731 339070 332586 329644 342846
70000 357028 332242 326138 331259 326191
70100 329896 337113 332251 330466 328528
70200 337825 333963 333200 327845 331823
70300 331170 333889 334837 331274 336999
70400 340901 336809 335814 330941 329560
70500 335276 329340 333276 332515 333651
70600 345571 335901 333448 338238 335457
70700 336662 331075 336328 334737 335710
70800 332585 335231 332654 335803 332462
70900 333490 338280 336450 336584 334012
71000 335395 334006 336287 337181 335073
71100 339248 338759 335644 342407 336063
71200 338859 334426 336480 337356 373824
71300 334736 338869 345347 336321 337185
71400 338719 339444 337370 342146 336997
71500 336359 342974 337889 342433 338790
71600 344685 339578 341080 336616 341965
71700 338978 340950 337847 339083 341797
71800 340047 341957 340510 341148 338815
71900 342630 345958 340781 340819 340244
72000 338849 339457 342658 341409 354455
72100 345857 345288 339673 342128 340552
72200 458083 505057 458635 440798 471161
72300 491264 486795 460590 456298 453351
72400 462330 434900 553038 450102 462741
72500 487436 458681 450368 457223 458637
72600 435524 471804 449117 445451 494792
72700 491498 458333 458375 466137 453890
72800 460597 449469 446922 447993 483493
72900 449041 452877 477549 455713 437671
73000 448590 493715 425715 431789 432420
73100 420830 429575 426408 419589 416480
73200 429803 427663 424636 402143 434783
73300 430894 436720 414190 427313 428440
73400 464140 431536 424015 436032 436031
73500 439213 434970 434037 432493 606503
73600 493232 465986 476727 473777 488990
73700 451742 512993 596964 540718 514674
73800 445860 446312 459419 428446 436049
73900 414009 425159 420022 415525 424884
74000 408930 424396 424591 420579 507040
74100 426350 421644 417135 435647 424067
74200 427164 430601 430498 433955 436280
74300 420822 426654 426606 424754 411245
74400 419263 423288 434988 441214 455380
74500 438567 420461 421064 421649 426581
74600 436509 429430 427101 424644 427013
74700 420106 430229 422072 420722 431834
74800 424956 427682 417176 427623 436913
74900 428414 423545 421839 412121 420416
75000 422507 422633 432132 424683 441984
75100 440322 424336 419534 438271 423746
75200 424778 428178 431230 425223 428468
75300 444728 442192 431491 440796 442343
75400 438511 455019 436065 430623 441285
75500 448689 438734 428934 439442 433720
75600 425018 422430 425238 426959 425713
75700 432633 440734 422912 432108 426502
75800 426436 431290 440411 428004 428056
75900 433911 433592 428092 430067 427521
76000 430735 426252 426125 420793 424505
76100 433959 436450 431663 424653 430047
76200 429487 427270 427981 427782 427707
76300 442453 432741 446013 433122 431833
76400 453268 426147 427860 434776 430773
76500 437447 438311 447962 438322 434426
76600 486283 448410 435259 426928 438692
76700 432599 440868 435477 433530 433829
76800 432078 429285 434374 429786 438465
76900 457885 437810 440440 433460 440379
77000 431967 439820 437035 431179 433252
77100 436979 448235 435714 450130 448144
77200 440071 439665 428355 462138 438670
77300 438565 436715 449382 443174 432327
77400 442057 432229 441354 439290 431304
77500 437194 453157 455829 446594 438172
77600 442515 428686 438921 443775 443850
77700 444578 468182 452548 446693 438695
77800 443095 436883 444608 463238 439214
77900 443743 446008 449428 444373 438209
78000 441395 435187 445595 447373 446344
78100 454578 451757 445642 448949 436910
78200 439893 448516 439859 452319 439621
78300 448499 452407 452355 451277 446374
78400 458919 445783 440206 444855 448162
78500 445613 454711 447108 447683 448352
78600 446961 449652 447479 446906 449215
78700 453923 460761 454423 446284 442893
78800 436808 442980 443183 447349 443119
78900 466182 455993 451418 447363 449367
79000 451511 446761 454496 474138 449721
79100 452356 456740 454311 448640 442694
79200 469061 449870 440887 452737 443113
79300 458109 462308 458412 449799 454282
79400 452598 459876 454783 459134 450986
79500 465375 457553 448372 453325 464266
79600 456700 445630 449723 444748 451375
79700 461981 462579 447164 459447 453708
79800 453058 451472 453227 462754 449399
79900 464213 463070 456692 457122 454761
80000 453780 457547 458088 450218 459444
80100 462833 464279 456393 467247 459043
80200 451529 453204 450981 459693 454827
80300 453332 452173 467011 468322 465471
80400 460283 458717 455314 453962 493370
80500 486529 496826 470717 454384 453268
80600 453501 464008 456446 489733 464242
80700 458839 466779 458156 462624 458668
80800 457477 462809 518786 476288 538931
80900 547540 469361 474339 470536 512639
81000 462498 476940 465729 485591 465636
81100 463591 469777 456016 465919 467893
81200 464070 475930 465548 470732 468470
81300 467864 468389 486882 455379 502014
81400 469844 483441 472358 468134 460012
81500 449298 460859 456407 452300 456072
81600 462602 473469 516947 508860 540969
81700 516928 516399 497237 603582 500054
81800 471157 471928 506691 550268 557219
81900 507920 518938 593659 598513 583005
82000 523694 499803 444055 402884 383397
82100 387852 388727 388667 388568 389195
82200 396678 393644 402720 406373 398087
82300 391608 392106 404861 396021 397304
82400 409605 393940 396769 391358 393645
82500 396465 393658 392570 392923 406940
82600 396842 396488 396253 395512 397004
82700 394397 394155 396506 395166 396568
82800 399324 394407 395969 395412 394796
82900 394039 395730 395373 400904 403195
83000 403213 400107 401671 402377 403390
83100 401332 401395 403208 401518 404102
83200 401914 404083 404073 404100 404322
83300 396707 402631 396256 401126 400346
83400 406223 404402 406700 409203 407252
83500 422252 404352 407760 404003 404188
83600 404197 404667 405562 406639 405914
83700 407219 427296 407964 408914 408009
83800 404346 403942 413008 410892 410041
83900 405287 405523 407338 406383 407266
84000 407053 409493 411630 411480 408790
84100 409519 406827 407578 409342 407870
84200 406417 408558 409278 412834 409439
84300 409791 408134 406905 407886 409909
84400 409815 413630 412956 410442 413811
84500 408509 413558 412125 407826 409809
84600 417896 414687 415285 411347 415252
84700 414601 411646 412643 413183 409816
84800 414681 412242 411417 410303 413129
84900 413347 414471 412403 405610 412900
85000 413291 412517 409352 413214 415364
85100 413048 411978 411822 410485 412731
85200 414068 413529 414305 413809 411686
85300 405771 407698 410073 406546 405857
85400 416563 414706 417992 414624 417125
85500 427383 415062 414835 414206 417614
85600 416178 413632 407809 417061 415366
85700 414588 414752 416721 414473 415059
85800 417897 416327 416903 415441 415481
85900 417111 419926 419280 417326 415229
86000 417436 418561 416890 413095 414226
86100 413630 407889 413299 413771 415459
86200 415179 417304 418234 414698 414025
86300 424374 417800 448766 448952 429648
86400 419757 491063 412490 418808 418703
86500 419532 418883 415777 417445 421145
86600 424641 425050 421477 420139 422728
86700 412652 421289 420703 430026 436071
86800 418895 419602 418703 415122 416310
86900 420795 423573 422818 425342 420496
87000 421160 423870 420385 422072 421846
87100 422375 421228 422230 422573 423407
87200 422192 422954 422063 420234 424531
87300 423032 425331 425690 424836 427627
87400 427125 422759 425424 423642 424231
87500 426012 424524 424601 425159 423301
87600 426561 429832 424860 424365 425834
87700 428162 426164 425320 428654 425226
87800 425664 426147 425970 428174 419893
87900 427752 429586 426516 428691 426913
88000 426471 425559 426709 426950 428280
88100 429026 429878 425572 423489 429290
88200 424382 426976 426177 427589 425758
88300 424728 426243 427812 427238 425610
88400 429997 426959 429080 429919 427424
88500 429385 426540 429970 426680 427081
88600 428802 430156 429641 431272 426851
88700 423905 422899 426236 424747 420270
88800 421764 422672 423462 426257 422867
88900 431487 434229 425749 424522 424748
89000 424840 426776 428596 429295 426918
89100 429929 427235 426599 431525 437355
89200 424481 426744 424919 427477 425600
89300 423412 426192 425729 424639 428390
89400 430687 431947 431538 432483 430780
89500 441176 434078 437794 429740 434473
89600 431924 430938 432010 430050 432960
89700 432861 429633 432815 428883 434658
89800 429240 430387 432370 430750 428853
89900 432791 436258 438540 436265 435646
90000 435408 430355 434370 429687 427038
90100 429934 433080 435823 439314 432252
90200 434990 434195 433084 432899 434561
90300 432066 434721 434533 436227 433393
90400 433796 440236 438349 439446 448656
90500 439722 436432 439786 440776 440306
90600 438657 439042 438091 440565 438638
90700 438619 446580 438922 438928 440273
90800 437433 439355 437919 439925 439828
90900 441055 439845 438164 438880 440422
91000 444484 441282 439775 441539 442197
91100 440687 439166 440956 440411 441558
91200 443368 445623 439896 444760 441241
91300 442139 442358 442671 446587 443066
91400 445114 441597 442630 441956 441508
91500 440580 445238 441745 440932 441620
91600 444473 443871 440194 442974 444195
91700 444096 445796 444050 445858 444893
91800 446535 444453 445093 447322 441997
91900 448975 448741 443832 452610 447135
92000 446383 445203 443223 445624 443794
92100 442099 446638 445468 446694 445341
92200 447176 453488 443824 449302 448145
92300 448440 449339 449843 453258 447636
92400 448436 445534 446531 448112 445920
92500 447552 448457 447132 450456 445565
92600 450005 444129 445202 447580 448332
92700 447883 446324 450562 447129 448428
92800 444330 442339 443737 442288 440849
92900 462903 444278 443011 444146 444221
93000 454143 457048 456741 453119 452805
93100 450580 453589 455212 454065 452915
93200 451988 450737 452259 449307 449901
93300 449489 449529 451053 452721 453086
93400 450581 450606 453047 452595 450651
93500 446235 446290 452249 451107 449246
93600 454591 452932 453695 451687 453838
93700 464837 456013 454708 458337 457022
93800 452562 454155 452908 452437 453967
93900 453736 456318 454200 455553 454993
94000 450577 454885 456896 454488 455666
94100 448833 455729 455171 452371 458732
94200 454015 456027 459402 454108 455740
94300 456761 456759 453827 454938 456007
94400 453706 453685 456055 455358 455455
94500 457581 456032 456484 460456 459969
94600 457772 456629 457127 457048 455176
94700 461742 458791 455942 459576 455322
94800 457014 455882 554851 540117 602039
94900 533724 536961 539037 550729 547274
95000 535982 538172 533694 543779 549829
95100 541382 550972 554219 558479 549108
95200 538680 543238 543442 542313 562873
95300 548940 530730 547881 544700 544582
95400 538331 546564 564822 556855 546147
95500 549498 545089 544450 545141 543449
95600 557612 575058 551982 548253 549157
95700 545722 554901 551216 553195 565012
95800 551957 544157 544616 549215 543286
95900 542843 569442 565117 546344 559771
96000 545895 545438 547139 572695 552553
96100 553783 566103 556572 544176 544822
96200 547579 550187 557388 562344 557882
96300 546270 553936 556415 548927 541352
96400 558098 580353 548364 544128 547147
96500 547805 548388 547345 549934 560761
96600 553938 549537 545591 552403 464263
96700 467502 464931 466659 466372 464720
96800 461867 466183 464152 466494 466670
96900 466490 464370 469715 467339 467543
97000 467429 468962 473595 475648 466943
97100 471407 466505 467356 466433 467549
97200 480318 471732 473409 468558 469960
97300 469856 468574 468482 469029 465405
97400 468428 467407 469654 469684 470988
97500 468550 469526 469092 467698 466640
97600 463025 463424 466583 466856 463688
97700 471713 469650 470843 470180 471024
97800 474799 471124 471059 472345 470137
97900 471399 474387 473081 473255 473432
98000 475600 476037 476257 476469 476499
98100 471891 471254 475759 470732 476450
98200 474756 476465 472873 472151 474893
98300 471636 472057 488969 484611 481600
98400 477223 477444 471466 476397 472442
98500 475407 471270 474974 475843 475546
98600 479557 475824 480294 474952 476474
98700 474212 474498 478897 474691 475634
98800 473310 476244 473816 474976 476636
98900 469240 471961 474558 471527 472505
99000 476265 478804 476325 476164 479349
99100 476253 476009 474376 478790 472568
99200 472856 474955 478229 475546 478313
99300 476847 478040 500156 477630 480069
99400 478368 476656 481315 477494 477134
99500 477580 483255 480686 479169 479607
99600 472418 473144 471653 473071 479541
99700 486185 479793 476798 474190 474258
99800 479802 481263 481024 479600 481598
99900 481751 481327 479854 481289 481652
100000 480560 481092 484668 484350 487496
