500 2490.93
600 3284.13
700 4121.67
800 4125.47
900 4960.2
1000 6049.73
1100 5843.8
1200 7366.13
1300 7721.13
1400 8131
1500 9815
1600 9799.13
1700 10835.7
1800 13088.9
1900 12091
2000 13707.9
2100 15520.7
2200 14475
2300 18715.7
2400 17220.5
2500 16953.6
2600 13571.2
2700 13077.6
2800 14841.9
2900 17071
3000 18317.5
3100 18478.1
3200 19562.3
3300 22296.6
3400 18738.5
3500 17384.5
3600 21587.1
3700 22255.9
3800 19230.1
3900 25530.6
4000 22397.9
4100 20486.6
4200 25603.1
4300 28592.1
4400 25056.6
4500 27022.4
4600 29250.7
4700 34990.5
4800 31511.5
4900 29440.1
5000 30049.3
5100 29273.1
5200 29339.9
5300 32717.5
5400 30910.3
5500 33148.3
5600 34426.5
5700 31874.5
5800 34735.3
5900 29172.7
6000 33620
6100 34762.5
6200 36900
6300 38487.1
6400 38650.3
6500 48082.5
6600 36355.1
6700 39262.1
6800 40622.6
6900 43297.1
7000 44567.2
7100 44975
7200 43730.1
7300 47297.1
7400 43477.8
7500 42712
7600 43098.2
7700 43846.1
7800 42882.7
7900 45177.3
8000 47617.3
8100 48161.2
8200 43856.5
8300 49670.5
8400 52940.7
8500 48999.1
8600 47204.7
8700 51029.7
8800 56474.8
8900 62764.9
9000 54485
9100 55895.3
9200 53889.9
9300 54799.9
9400 52453.8
9500 58739.8
9600 57985.6
9700 58103.7
9800 56848.5
9900 57504.2
10000 61389.2
10100 62410.9
10200 68513.7
10300 69340.9
10400 74636.4
10500 70693.4
10600 66959.3
10700 67717.1
10800 66276.9
10900 69002.8
11000 66477.6
11100 70373.6
11200 65844.7
11300 65525.5
11400 69534.8
11500 67993.9
11600 76049.7
11700 77603.5
11800 75983.8
11900 69896.4
12000 74703.4
12100 71094.3
12200 74534.6
12300 68919.7
12400 70231.3
12500 76698.5
12600 75865.6
12700 78678.4
12800 84718.9
12900 86840.4
13000 86959.9
13100 78293.3
13200 80762.9
13300 87548.1
13400 78527.5
13500 86653.7
13600 80886.1
13700 90773.1
13800 78033.5
13900 91635.5
14000 95139.9
14100 97749.7
14200 79604.2
14300 84367.7
14400 92441.4
14500 99740.2
14600 87676.5
14700 88754.9
14800 86100.7
14900 94165.2
15000 96357.4
15100 82269.9
15200 83740.6
15300 94765.3
15400 82764.2
15500 89786.9
15600 92172.8
15700 97374.3
15800 93689
15900 99682.1
16000 105938
16100 87438
16200 96390.5
16300 96692.1
16400 96551.1
16500 100715
16600 99484.7
16700 98447
16800 109493
16900 115971
17000 105046
17100 97252.5
17200 87700.8
17300 78761.4
17400 79763.3
17500 79966.5
17600 80760.5
17700 79924.9
17800 81709.5
17900 82190.3
18000 82581.5
18100 84016.3
18200 83930.3
18300 84835.3
18400 96148.2
18500 114979
18600 89167.6
18700 87584.7
18800 87186.6
18900 89475.3
19000 89557.3
19100 92460
19200 89977.3
19300 89361.7
19400 91002.3
19500 91732.1
19600 91681.2
19700 98153.1
19800 91900.6
19900 93733.9
20000 93480.4
20100 92967.3
20200 93461.3
20300 94872.3
20400 96438.7
20500 95106.8
20600 95428
20700 96830.3
20800 98155.2
20900 98515.6
21000 98087.1
21100 98821.4
21200 99564.1
21300 100042
21400 100924
21500 103536
21600 102677
21700 102746
21800 101888
21900 103847
22000 103852
22100 103585
22200 103285
22300 105461
22400 104724
22500 104942
22600 106432
22700 105853
22800 107939
22900 106892
23000 109216
23100 108145
23200 108955
23300 110373
23400 108334
23500 110833
23600 109821
23700 111892
23800 115248
23900 111898
24000 112790
24100 120154
24200 113957
24300 112651
24400 112477
24500 124658
24600 114516
24700 115248
24800 115656
24900 116051
25000 116216
25100 117652
25200 116642
25300 124120
25400 118078
25500 119921
25600 119111
25700 120722
25800 119405
25900 120383
26000 122860
26100 122096
26200 121899
26300 122234
26400 124329
26500 123304
26600 128573
26700 125152
26800 126247
26900 126235
27000 126316
27100 128178
27200 126339
27300 127539
27400 127958
27500 129574
27600 131126
27700 130482
27800 132716
27900 135799
28000 129701
28100 129893
28200 131899
28300 131096
28400 131503
28500 130508
28600 136652
28700 135139
28800 134793
28900 133792
29000 144702
29100 135667
29200 136633
29300 136999
29400 137161
29500 137719
29600 135723
29700 138330
29800 139109
29900 143223
30000 140788
30100 140016
30200 145467
30300 140574
30400 144368
30500 142814
30600 142816
30700 142612
30800 142090
30900 143655
31000 142641
31100 145498
31200 143493
31300 146855
31400 146815
31500 150964
31600 146454
31700 149774
31800 147699
31900 174095
32000 155121
32100 152415
32200 149313
32300 149641
32400 150830
32500 151854
32600 152168
32700 155005
32800 154682
32900 150728
33000 151670
33100 153775
33200 153493
33300 164819
33400 155037
33500 155958
33600 155041
33700 154925
33800 159185
33900 158791
34000 159889
34100 159183
34200 158556
34300 161418
34400 159291
34500 166751
34600 161057
34700 180714
34800 165334
34900 163695
35000 163588
35100 163270
35200 169866
35300 166710
35400 172365
35500 168433
35600 167508
35700 169080
35800 168079
35900 169609
36000 169873
36100 172346
36200 172021
36300 172042
36400 185135
36500 172343
36600 173839
36700 173683
36800 175332
36900 173022
37000 174003
37100 173155
37200 176386
37300 178163
37400 175259
37500 177818
37600 175890
37700 176178
37800 177296
37900 182442
38000 177194
38100 182853
38200 180125
38300 181220
38400 181980
38500 182800
38600 181378
38700 183139
38800 185789
38900 185139
39000 189271
39100 188779
39200 184266
39300 184256
39400 184598
39500 186573
39600 185668
39700 190079
39800 202065
39900 189422
40000 188495
40100 196576
40200 188941
40300 189313
40400 190722
40500 190964
40600 192193
40700 192547
40800 194006
40900 196045
41000 193639
41100 193670
41200 196421
41300 195431
41400 196002
41500 195455
41600 197788
41700 202897
41800 198641
41900 199066
42000 199664
42100 201106
42200 203514
42300 200418
42400 203279
42500 205588
42600 202775
42700 204034
42800 202152
42900 201955
43000 205792
43100 206191
43200 206114
43300 207004
43400 203733
43500 208932
43600 205799
43700 208454
43800 213018
43900 245256
44000 242576
44100 213751
44200 213099
44300 211682
44400 209828
44500 210181
44600 227161
44700 211698
44800 211513
44900 211213
45000 218699
45100 212424
45200 215013
45300 215541
45400 216782
45500 218850
45600 216092
45700 216311
45800 218913
45900 216276
46000 220286
46100 217193
46200 218895
46300 218988
46400 230000
46500 221299
46600 222693
46700 223772
46800 221721
46900 222421
47000 221302
47100 236368
47200 222618
47300 223483
47400 232722
47500 223004
47600 221567
47700 226063
47800 233685
47900 238439
48000 231483
48100 226874
48200 227083
48300 235898
48400 230067
48500 228341
48600 228087
48700 229350
48800 227759
48900 234848
49000 230982
49100 230151
49200 231902
49300 233516
49400 237754
49500 232823
49600 237208
49700 233648
49800 235455
49900 237467
50000 234989
50100 239052
50200 237015
50300 246341
50400 238323
50500 239368
50600 239246
50700 242549
50800 238441
50900 242695
51000 240314
51100 242463
51200 243230
51300 243302
51400 240758
51500 243647
51600 254116
51700 248338
51800 248813
51900 246298
52000 247220
52100 249654
52200 269085
52300 251439
52400 248957
52500 249687
52600 250888
52700 259326
52800 247609
52900 250115
53000 249004
53100 252235
53200 252284
53300 253976
53400 250579
53500 252667
53600 252322
53700 260081
53800 253552
53900 254012
54000 252467
54100 259160
54200 258460
54300 261897
54400 258409
54500 255068
54600 255207
54700 256683
54800 259344
54900 259887
55000 264097
55100 262296
55200 260872
55300 261457
55400 261650
55500 267007
55600 260401
55700 261904
55800 262663
55900 264852
56000 265123
56100 279227
56200 265899
56300 265993
56400 263716
56500 268742
56600 264864
56700 264579
56800 267255
56900 271619
57000 269859
57100 267670
57200 270544
57300 269861
57400 268446
57500 271827
57600 269403
57700 273096
57800 273921
57900 271395
58000 273180
58100 273353
58200 274942
58300 277525
58400 275185
58500 274481
58600 273622
58700 277070
58800 279024
58900 279020
59000 275490
59100 277794
59200 279014
59300 281710
59400 282432
59500 279246
59600 276839
59700 280769
59800 285088
59900 280784
60000 282154
60100 282610
60200 288467
60300 284807
60400 284675
60500 287039
60600 283693
60700 282125
60800 282944
60900 285772
61000 285696
61100 288621
61200 297816
61300 307818
61400 290263
61500 290392
61600 291255
61700 289566
61800 293463
61900 288899
62000 291923
62100 290627
62200 297744
62300 297623
62400 293147
62500 290278
62600 292750
62700 295842
62800 292108
62900 293055
63000 298768
63100 298896
63200 301361
63300 296471
63400 302165
63500 297359
63600 295274
63700 299238
63800 299260
63900 303490
64000 301049
64100 301470
64200 299480
64300 304783
64400 301607
64500 302429
64600 301418
64700 303771
64800 305800
64900 308906
65000 308131
65100 305334
65200 304156
65300 303896
65400 305604
65500 306588
65600 305031
65700 305172
65800 309371
65900 310968
66000 308507
66100 310013
66200 308353
66300 309413
66400 326251
66500 311066
66600 318428
66700 312519
66800 310935
66900 315432
67000 312942
67100 314616
67200 317189
67300 319964
67400 315321
67500 317240
67600 340292
67700 332981
67800 334223
67900 319106
68000 319739
68100 323857
68200 323613
68300 328384
68400 325766
68500 323508
68600 322984
68700 324550
68800 324685
68900 322350
69000 323170
69100 325524
69200 328862
69300 327939
69400 328051
69500 333849
69600 327168
69700 331949
69800 330259
69900 329324
70000 340589
70100 330523
70200 329911
70300 333587
70400 332616
70500 341393
70600 333367
70700 334219
70800 333981
70900 336184
71000 335462
71100 336894
71200 338778
71300 350838
71400 343652
71500 340233
71600 342748
71700 339581
71800 346171
71900 340885
72000 344473
72100 343819
72200 346832
72300 464995
72400 456168
72500 497504
72600 449357
72700 501874
72800 462691
72900 484576
73000 472411
73100 444300
73200 422519
73300 435269
73400 422678
73500 439969
73600 641996
73700 480884
73800 517247
73900 414262
74000 423186
74100 462080
74200 433297
74300 440879
74400 428575
74500 448430
74600 429492
74700 433310
74800 417551
74900 443679
75000 421757
75100 438829
75200 424801
75300 448672
75400 444335
75500 444131
75600 446470
75700 431070
75800 424046
75900 424149
76000 439592
76100 433425
76200 444076
76300 436629
76400 462968
76500 436849
76600 435501
76700 434328
76800 429259
76900 434603
77000 437900
77100 439660
77200 443592
77300 437428
77400 436272
77500 439541
77600 439648
77700 432285
77800 446183
77900 443904
78000 444080
78100 456354
78200 454152
78300 441368
78400 438609
78500 439975
78600 446750
78700 455086
78800 444775
78900 447234
79000 447127
79100 453338
79200 449983
79300 451998
79400 456516
79500 449248
79600 449794
79700 456478
79800 480080
79900 474042
80000 455415
80100 457139
80200 451351
80300 472942
80400 456415
80500 491555
80600 470503
80700 472507
80800 454950
80900 464019
81000 463989
81100 508926
81200 462330
81300 468242
81400 508062
81500 457999
81600 460398
81700 532951
81800 471661
81900 542128
82000 543973
82100 386166
82200 398983
82300 400343
82400 408242
82500 393956
82600 399218
82700 398725
82800 400407
82900 397998
83000 403570
83100 402451
83200 403940
83300 398037
83400 407897
83500 406171
83600 415350
83700 407450
83800 411326
83900 420310
84000 407526
84100 409388
84200 413452
84300 408588
84400 411656
84500 414971
84600 411072
84700 412335
84800 410803
84900 415325
85000 421042
85100 417270
85200 416349
85300 408106
85400 415992
85500 418118
85600 420530
85700 415612
85800 417589
85900 416883
86000 420378
86100 415779
86200 416151
86300 415857
86400 442221
86500 419422
86600 427661
86700 424724
86800 426771
86900 425332
87000 423804
87100 424564
87200 423024
87300 424567
87400 424775
87500 427135
87600 425683
87700 427869
87800 423600
87900 427467
88000 428592
88100 427815
88200 426184
88300 427119
88400 428952
88500 427885
88600 425421
88700 426315
88800 423587
88900 423870
89000 425431
89100 427187
89200 435618
89300 427776
89400 432213
89500 429653
89600 434615
89700 431597
89800 434926
89900 432819
90000 435883
90100 432196
90200 434385
90300 432753
90400 435553
90500 439783
90600 441337
90700 439121
90800 439772
90900 442283
91000 441316
91100 442943
91200 443908
91300 443307
91400 442628
91500 442753
91600 444769
91700 444927
91800 445725
91900 443980
92000 445287
92100 447665
92200 446495
92300 461355
92400 446720
92500 447897
92600 447481
92700 450987
92800 444659
92900 443728
93000 456854
93100 451288
93200 450641
93300 452124
93400 453770
93500 446154
93600 454258
93700 454564
93800 461900
93900 454327
94000 457927
94100 459287
94200 460167
94300 456013
94400 457086
94500 457677
94600 460739
94700 463621
94800 457473
94900 565549
95000 549735
95100 537605
95200 539442
95300 548971
95400 548244
95500 546255
95600 549288
95700 552970
95800 563785
95900 551945
96000 553901
96100 562808
96200 539463
96300 555436
96400 543841
96500 554937
96600 558838
96700 465270
96800 468305
96900 470158
97000 468897
97100 470172
97200 472281
97300 468882
97400 463938
97500 474195
97600 463138
97700 474955
97800 471303
97900 471856
98000 474942
98100 473821
98200 475585
98300 477765
98400 482894
98500 473747
98600 478066
98700 481010
98800 476415
98900 470276
99000 477441
99100 480777
99200 477585
99300 481437
99400 481492
99500 479279
99600 473063
99700 482132
99800 480110
99900 481696
100000 486177
