500 5504.53
600 2828.93
700 3937.8
800 5162.93
900 10522.3
1000 4453.07
1100 6094.13
1200 5930.33
1300 10245.5
1400 13234.3
1500 8582.27
1600 11851.3
1700 8705
1800 12169.7
1900 9536.87
2000 11686.3
2100 14440.9
2200 23942.8
2300 14939.9
2400 13357.3
2500 22849.5
2600 13805.5
2700 22658.6
2800 13213.6
2900 16934.9
3000 14967.9
3100 15787.4
3200 18708.4
3300 16795.8
3400 21126.9
3500 20374.9
3600 21772.3
3700 17441.3
3800 18526.7
3900 19948.9
4000 20404.8
4100 26288
4200 24658.5
4300 21836.4
4400 24992.3
4500 31232.8
4600 25036.2
4700 24825.3
4800 24794.9
4900 27043.9
5000 28083.3
5100 27879.7
5200 28550.6
5300 26343.6
5400 30074.1
5500 27222.9
5600 30294.3
5700 31926.7
5800 27908.2
5900 32741.3
6000 36988.1
6100 32238.1
6200 36643.5
6300 50333.9
6400 35181.6
6500 46486.5
6600 38396.1
6700 36975.9
6800 34746.5
6900 49080.3
7000 44636
7100 42907.5
7200 39445.4
7300 45697.7
7400 41462.7
7500 43504.9
7600 49495.5
7700 41115.8
7800 45777.3
7900 40212.7
8000 43337.5
8100 46710.9
8200 43579
8300 53966.7
8400 47973.7
8500 49634.5
8600 52009.7
8700 47058.5
8800 53506.5
8900 53947.5
9000 52996.1
9100 54937.8
9200 54714.9
9300 56979.1
9400 59137.3
9500 53624
9600 51835.7
9700 60911.4
9800 57570.8
9900 56959.7
10000 61661.1
10100 56517.1
10200 59024.9
10300 71908.9
10400 62177.6
10500 71951.4
10600 70122.9
10700 60947
10800 67201
10900 64018.7
11000 67192.5
11100 62643.7
11200 64636.7
11300 65060.8
11400 62287.3
11500 64880.2
11600 81890.6
11700 67161.5
11800 73369.5
11900 71837.3
12000 65425.5
12100 75550.7
12200 69802.7
12300 70164.9
12400 73655.5
12500 78108
12600 69505.7
12700 69206.3
12800 77675.5
12900 81995.1
13000 83928.9
13100 85566.1
13200 85372
13300 81696.9
13400 72607.2
13500 84287.5
13600 76737.8
13700 79654.4
13800 77603.2
13900 87422.9
14000 96154.1
14100 87722.5
14200 82494.9
14300 83041.3
14400 86573
14500 105996
14600 85182.4
14700 81659.3
14800 80238.4
14900 89666.3
15000 93530.5
15100 85406.9
15200 85991.2
15300 86516.1
15400 86641
15500 95304.5
15600 89023.2
15700 92413.8
15800 88536.4
15900 100038
16000 90996.1
16100 92413.3
16200 94142.7
16300 93445.9
16400 92282.9
16500 98457.9
16600 98854.7
16700 102279
16800 107214
16900 102391
17000 98396.3
17100 85666.6
17200 86043.1
17300 76223
17400 75538.3
17500 77835.1
17600 77254.1
17700 78096.8
17800 78412.9
17900 80004.8
18000 80341.3
18100 79752.2
18200 79856.5
18300 80869.5
18400 93540.6
18500 98232.3
18600 83729.9
18700 88039.1
18800 84981.4
18900 86382.7
19000 87973.7
19100 87329
19200 87512.9
19300 87497
19400 90764
19500 88258.5
19600 87102.9
19700 87470.3
19800 89411.4
19900 90915.9
20000 90325.5
20100 90209.3
20200 91201.3
20300 90643.5
20400 92859.5
20500 92536.5
20600 92014.9
20700 94423.4
20800 94340.8
20900 94408.3
21000 95482.3
21100 95252
21200 98718.1
21300 95891.1
21400 97923.9
21500 99801.1
21600 97051.5
21700 98334.8
21800 99186.5
21900 99966.9
22000 106394
22100 100119
22200 99696.5
22300 102986
22400 101514
22500 101480
22600 103063
22700 103245
22800 103242
22900 103795
23000 115301
23100 103853
23200 104716
23300 105590
23400 105872
23500 106619
23600 107028
23700 107110
23800 110173
23900 108799
24000 108342
24100 109181
24200 110375
24300 113654
24400 115769
24500 118788
24600 110210
24700 113363
24800 118412
24900 111697
25000 113506
25100 112655
25200 114086
25300 114070
25400 114733
25500 113874
25600 114660
25700 118486
25800 116579
25900 117000
26000 116505
26100 118826
26200 118854
26300 118035
26400 118833
26500 120494
26600 120057
26700 123432
26800 122165
26900 120177
27000 120704
27100 120853
27200 122465
27300 123045
27400 122865
27500 123549
27600 125077
27700 122926
27800 124043
27900 125382
28000 128042
28100 127019
28200 126295
28300 127915
28400 127198
28500 131362
28600 137768
28700 129017
28800 131213
28900 129284
29000 136302
29100 132687
29200 130037
29300 130048
29400 130902
29500 134418
29600 131121
29700 132605
29800 133507
29900 134463
30000 135814
30100 134312
30200 134102
30300 134758
30400 139030
30500 135521
30600 141652
30700 136406
30800 138405
30900 136841
31000 138247
31100 138311
31200 140093
31300 140747
31400 141150
31500 141464
31600 143589
31700 146172
31800 143292
31900 172584
32000 149194
32100 150696
32200 143332
32300 143867
32400 143944
32500 145300
32600 143917
32700 144232
32800 146954
32900 146692
33000 148777
33100 146478
33200 148274
33300 150438
33400 149647
33500 149085
33600 150735
33700 150472
33800 151198
33900 151254
34000 151115
34100 155721
34200 153843
34300 153751
34400 158949
34500 157140
34600 155014
34700 155464
34800 157033
34900 158607
35000 155802
35100 163624
35200 157603
35300 159733
35400 159506
35500 160931
35600 160826
35700 163688
35800 167844
35900 163360
36000 163723
36100 161694
36200 169112
36300 167831
36400 165260
36500 164574
36600 164461
36700 172421
36800 166573
36900 172685
37000 166611
37100 168473
37200 169178
37300 168616
37400 169003
37500 173482
37600 169715
37700 171925
37800 172553
37900 172136
38000 172801
38100 173258
38200 177683
38300 173677
38400 175139
38500 175754
38600 178082
38700 178690
38800 175323
38900 181699
39000 185174
39100 179916
39200 178893
39300 180162
39400 179238
39500 179980
39600 183226
39700 179408
39800 181333
39900 184004
40000 182789
40100 185074
40200 186901
40300 184384
40400 183509
40500 184143
40600 185993
40700 186353
40800 186265
40900 187680
41000 188472
41100 188577
41200 188541
41300 190632
41400 190882
41500 193566
41600 192514
41700 189754
41800 193306
41900 199144
42000 192404
42100 193787
42200 192516
42300 194434
42400 194514
42500 193839
42600 194038
42700 196678
42800 196420
42900 197170
43000 196160
43100 198271
43200 197985
43300 200931
43400 199734
43500 199742
43600 201732
43700 203168
43800 216662
43900 225181
44000 244485
44100 203467
44200 203428
44300 203417
44400 205703
44500 206100
44600 209865
44700 205263
44800 204956
44900 205251
45000 213175
45100 205869
45200 206585
45300 208533
45400 210088
45500 212974
45600 209825
45700 209077
45800 211962
45900 211312
46000 210862
46100 211046
46200 211992
46300 212095
46400 217033
46500 213668
46600 217166
46700 215194
46800 216016
46900 215567
47000 216298
47100 216850
47200 215151
47300 222293
47400 215163
47500 215795
47600 215268
47700 218052
47800 228428
47900 223977
48000 219386
48100 220962
48200 218778
48300 225849
48400 219782
48500 224072
48600 222952
48700 222721
48800 222421
48900 225188
49000 224745
49100 225409
49200 223810
49300 224998
49400 227336
49500 226535
49600 225214
49700 227053
49800 225030
49900 226865
50000 227124
50100 228472
50200 228415
50300 226237
50400 230757
50500 234841
50600 232158
50700 231805
50800 231876
50900 232483
51000 231667
51100 233433
51200 235295
51300 231788
51400 234112
51500 236557
51600 241032
51700 234927
51800 235914
51900 243653
52000 234406
52100 255877
52200 280793
52300 239225
52400 238929
52500 241035
52600 251605
52700 247438
52800 239014
52900 241899
53000 240720
53100 241776
53200 241091
53300 243378
53400 242921
53500 242490
53600 247106
53700 246997
53800 246585
53900 245601
54000 244798
54100 247639
54200 250472
54300 247207
54400 246907
54500 247059
54600 250580
54700 250714
54800 247539
54900 248477
55000 248287
55100 249923
55200 250194
55300 251512
55400 250758
55500 250610
55600 252976
55700 253138
55800 278003
55900 268331
56000 266244
56100 263674
56200 254983
56300 258344
56400 263811
56500 257413
56600 254727
56700 256735
56800 256991
56900 257357
57000 260891
57100 258503
57200 259594
57300 257604
57400 260251
57500 259047
57600 262337
57700 261654
57800 267344
57900 260880
58000 262166
58100 263226
58200 262833
58300 263803
58400 264969
58500 263008
58600 262207
58700 264774
58800 264373
58900 274004
59000 266360
59100 265854
59200 266014
59300 269686
59400 280787
59500 269672
59600 269354
59700 267993
59800 269190
59900 276146
60000 273287
60100 277633
60200 273110
60300 272736
60400 272072
60500 272991
60600 271613
60700 272780
60800 275682
60900 275092
61000 274998
61100 272630
61200 277878
61300 285243
61400 278143
61500 277620
61600 276533
61700 284363
61800 279536
61900 282222
62000 285318
62100 282947
62200 284104
62300 283331
62400 282855
62500 284277
62600 285987
62700 285915
62800 287000
62900 285135
63000 290634
63100 299115
63200 301176
63300 289639
63400 294148
63500 285317
63600 284986
63700 289015
63800 287323
63900 299227
64000 292268
64100 290011
64200 288828
64300 287678
64400 288441
64500 292208
64600 291131
64700 291746
64800 290907
64900 293433
65000 294691
65100 293660
65200 293217
65300 295852
65400 295776
65500 297329
65600 295259
65700 298464
65800 297107
65900 295029
66000 298209
66100 305021
66200 296060
66300 303828
66400 302236
66500 298452
66600 302765
66700 304176
66800 305246
66900 303577
67000 300718
67100 304711
67200 309927
67300 317328
67400 303449
67500 305286
67600 312943
67700 313932
67800 309192
67900 305532
68000 311613
68100 310835
68200 315002
68300 316493
68400 316397
68500 314762
68600 310633
68700 310295
68800 313796
68900 313940
69000 314749
69100 312153
69200 316007
69300 314501
69400 320413
69500 316850
69600 313290
69700 329237
69800 318071
69900 321993
70000 333690
70100 317255
70200 321116
70300 321180
70400 318987
70500 324024
70600 320858
70700 326915
70800 324156
70900 324522
71000 325182
71100 325276
71200 324594
71300 326513
71400 326074
71500 330063
71600 327219
71700 330326
71800 328966
71900 326499
72000 329328
72100 330907
72200 329607
72300 454666
72400 453576
72500 487116
72600 432152
72700 474841
72800 448251
72900 480326
73000 437022
73100 417150
73200 403683
73300 426082
73400 406687
73500 431277
73600 572700
73700 455186
73800 464267
73900 422375
74000 394975
74100 486153
74200 418767
74300 423076
74400 417169
74500 434169
74600 424646
74700 476321
74800 405111
74900 421092
75000 412349
75100 419097
75200 412647
75300 426627
75400 424437
75500 430811
75600 416726
75700 429559
75800 414355
75900 420580
76000 411853
76100 417002
76200 424647
76300 423583
76400 439797
76500 442151
76600 419066
76700 419224
76800 417631
76900 418866
77000 420252
77100 423837
77200 418437
77300 419437
77400 424585
77500 423215
77600 432556
77700 427705
77800 432828
77900 423852
78000 423491
78100 445988
78200 428053
78300 435100
78400 430481
78500 426565
78600 429202
78700 429620
78800 439719
78900 436685
79000 435033
79100 469657
79200 439381
79300 443875
79400 442294
79500 432933
79600 436682
79700 441611
79800 446937
79900 463323
80000 439168
80100 441257
80200 435895
80300 449703
80400 440215
80500 488996
80600 443598
80700 448776
80800 442512
80900 442133
81000 447872
81100 441009
81200 449410
81300 450111
81400 453346
81500 447428
81600 440774
81700 504896
81800 460203
81900 531873
82000 504504
82100 375123
82200 384029
82300 382738
82400 393422
82500 380207
82600 381611
82700 383664
82800 386481
82900 387525
83000 387032
83100 386327
83200 390976
83300 386340
83400 395565
83500 395723
83600 392100
83700 392393
83800 397851
83900 403161
84000 392493
84100 394053
84200 392132
84300 393649
84400 395855
84500 403679
84600 398418
84700 401664
84800 396870
84900 397291
85000 400461
85100 401155
85200 399736
85300 393701
85400 401417
85500 402144
85600 402526
85700 404158
85800 404106
85900 402999
86000 402604
86100 401531
86200 406044
86300 400693
86400 431848
86500 404307
86600 405869
86700 403505
86800 409628
86900 412047
87000 407842
87100 411613
87200 409924
87300 413310
87400 410404
87500 411522
87600 411677
87700 411266
87800 411153
87900 412581
88000 414516
88100 414854
88200 412818
88300 412984
88400 414337
88500 413057
88600 412749
88700 417549
88800 411253
88900 415718
89000 413234
89100 413489
89200 417573
89300 411569
89400 417564
89500 415343
89600 419141
89700 419043
89800 420440
89900 455446
90000 425414
90100 414598
90200 421031
90300 418884
90400 421282
90500 423006
90600 424979
90700 425681
90800 426367
90900 425792
91000 427069
91100 425167
91200 428261
91300 427439
91400 429561
91500 429295
91600 428320
91700 427344
91800 430562
91900 428154
92000 431275
92100 432260
92200 429644
92300 437125
92400 434131
92500 433002
92600 435178
92700 433692
92800 427247
92900 427858
93000 436459
93100 434677
93200 437166
93300 437639
93400 438673
93500 430263
93600 442367
93700 439512
93800 442337
93900 439036
94000 438812
94100 442119
94200 442489
94300 441570
94400 438876
94500 438563
94600 441599
94700 438874
94800 441583
94900 549295
95000 528105
95100 519095
95200 537423
95300 537326
95400 525077
95500 528080
95600 533891
95700 530715
95800 539064
95900 530170
96000 530800
96100 548264
96200 526668
96300 533874
96400 537475
96500 527812
96600 546838
96700 448683
96800 451034
96900 452717
97000 453780
97100 461672
97200 452900
97300 453649
97400 453979
97500 455241
97600 447958
97700 453740
97800 455667
97900 456782
98000 463183
98100 453017
98200 457262
98300 465079
98400 457852
98500 460132
98600 460504
98700 458905
98800 460327
98900 454807
99000 467860
99100 471078
99200 460911
99300 462115
99400 463746
99500 462425
99600 461497
99700 470445
99800 465594
99900 466196
100000 468988
