500 4676.6
600 2552.4
700 3780.2
800 3953
900 6747.73
1000 4752.47
1100 4856.6
1200 5840.87
1300 17768.2
1400 12463.2
1500 7740.8
1600 9839.53
1700 10155.1
1800 11805
1900 9628.27
2000 14428.6
2100 13861
2200 20214.6
2300 15748.6
2400 14083.3
2500 12652.4
2600 15956.8
2700 13032.2
2800 16834
2900 15177.9
3000 17002.6
3100 18819.2
3200 17093.9
3300 17463.5
3400 17250.1
3500 18519
3600 17560.7
3700 18737.1
3800 22006.9
3900 21037.1
4000 24321.1
4100 20633.7
4200 24284.5
4300 26825.7
4400 24535.5
4500 23201.5
4600 30312.3
4700 30050.6
4800 29235.3
4900 24604.7
5000 25316.7
5100 26046.6
5200 26769.9
5300 29881.9
5400 31094.7
5500 30780.2
5600 30955.7
5700 32555.9
5800 32383.6
5900 33046.2
6000 30562.3
6100 35151.3
6200 45660.8
6300 44125.8
6400 32218.4
6500 46355.8
6600 40030.5
6700 40108.9
6800 38423.3
6900 43274.6
7000 44909.9
7100 45310.4
7200 45577
7300 49693.9
7400 47263.8
7500 45415.7
7600 44307.4
7700 45370.6
7800 42711.3
7900 54310.5
8000 45429.7
8100 47885.3
8200 46352.1
8300 51669.1
8400 48549.5
8500 48797.1
8600 52393.3
8700 50961.3
8800 54075.3
8900 57999.2
9000 59196.2
9100 57325.5
9200 52160.5
9300 62706.7
9400 57109.5
9500 55427.1
9600 57314.9
9700 55852.8
9800 55256.7
9900 59713.2
10000 59393.2
10100 61792.3
10200 55410.3
10300 66019.3
10400 66129.5
10500 68736.5
10600 63878.9
10700 60854.5
10800 70520.9
10900 67903.3
11000 70972.2
11100 64561.9
11200 72697
11300 71306.5
11400 69554
11500 67515.1
11600 77211.2
11700 78307.9
11800 78490.7
11900 68876.2
12000 74679.7
12100 69812.7
12200 68021.3
12300 70520.9
12400 70044.1
12500 71759.1
12600 86058.2
12700 74561.1
12800 87790.5
12900 86572.2
13000 81842.3
13100 75869.7
13200 74338.3
13300 88350.7
13400 77924.1
13500 87522.9
13600 79109.5
13700 94118.9
13800 80426.1
13900 90423.3
14000 88749.1
14100 88382.7
14200 92504.7
14300 82803.5
14400 94088
14500 95283.1
14600 82019.8
14700 87594.1
14800 85824.5
14900 95372.7
15000 96559.3
15100 87179.4
15200 94604
15300 91612.5
15400 86476.3
15500 89687.4
15600 90208.5
15700 94282
15800 94606.5
15900 106972
16000 106790
16100 93827.5
16200 100490
16300 96641.3
16400 92514.7
16500 102468
16600 97291.1
16700 123849
16800 113967
16900 101231
17000 98139.9
17100 92753.2
17200 79463.1
17300 79249.3
17400 79322.3
17500 80972.2
17600 79698.2
17700 80570.6
17800 82158.5
17900 82012.7
18000 81742.5
18100 83339.2
18200 84248.7
18300 83817.8
18400 96742.7
18500 92763.6
18600 87918.9
18700 88180.3
18800 87673.1
18900 87853.8
19000 89424.4
19100 89577.9
19200 90263.3
19300 93336.9
19400 94755.5
19500 91307.9
19600 90955.1
19700 92850.6
19800 91947.7
19900 91730.7
20000 92541.1
20100 92584.2
20200 94013.7
20300 94777.5
20400 94798.5
20500 98263.5
20600 97386.1
20700 97407.7
20800 98906.3
20900 97833.9
21000 99300.6
21100 99478.5
21200 99094.8
21300 100009
21400 100125
21500 102317
21600 100804
21700 102308
21800 101520
21900 101280
22000 104089
22100 103775
22200 106703
22300 104430
22400 104860
22500 105334
22600 106193
22700 107341
22800 108572
22900 106929
23000 107599
23100 108393
23200 111034
23300 109176
23400 109670
23500 109616
23600 110237
23700 110667
23800 116386
23900 112002
24000 111537
24100 112956
24200 129909
24300 115984
24400 112972
24500 118702
24600 113616
24700 116319
24800 115734
24900 116811
25000 118563
25100 116693
25200 116250
25300 121368
25400 120744
25500 122000
25600 119938
25700 120013
25800 120980
25900 120946
26000 122289
26100 120840
26200 122745
26300 123093
26400 123076
26500 123001
26600 123934
26700 124488
26800 124315
26900 126929
27000 125245
27100 132214
27200 126925
27300 128771
27400 127473
27500 129372
27600 140520
27700 131745
27800 129883
27900 130170
28000 130869
28100 131979
28200 135724
28300 130762
28400 132224
28500 132293
28600 133703
28700 132503
28800 140473
28900 132886
29000 134628
29100 134933
29200 137955
29300 137491
29400 136251
29500 137096
29600 136345
29700 139091
29800 139464
29900 146138
30000 141029
30100 143219
30200 139589
30300 143540
30400 142394
30500 142061
30600 140874
30700 141926
30800 142943
30900 142520
31000 143129
31100 143056
31200 145637
31300 144908
31400 146365
31500 147056
31600 146611
31700 148181
31800 146698
31900 168465
32000 150520
32100 159181
32200 149575
32300 147860
32400 151054
32500 149434
32600 154896
32700 152730
32800 155054
32900 151475
33000 150465
33100 153505
33200 152562
33300 157107
33400 155610
33500 155071
33600 161607
33700 158484
33800 156868
33900 156362
34000 160772
34100 158613
34200 163959
34300 158874
34400 161753
34500 164546
34600 163488
34700 161669
34800 166511
34900 162141
35000 164710
35100 166778
35200 164380
35300 164955
35400 165904
35500 166461
35600 166093
35700 170973
35800 169784
35900 172079
36000 173042
36100 169686
36200 173094
36300 176591
36400 172192
36500 170780
36600 174620
36700 171446
36800 172683
36900 177666
37000 172214
37100 174524
37200 188661
37300 175011
37400 177946
37500 187712
37600 177069
37700 174929
37800 185319
37900 177122
38000 183093
38100 178803
38200 180255
38300 182147
38400 180844
38500 185895
38600 183337
38700 181184
38800 182315
38900 185508
39000 194655
39100 185683
39200 188346
39300 189715
39400 185351
39500 184750
39600 185781
39700 186871
39800 186805
39900 190405
40000 188032
40100 188337
40200 192135
40300 190156
40400 191761
40500 193239
40600 194294
40700 191431
40800 197790
40900 194752
41000 194034
41100 197745
41200 199398
41300 194827
41400 197369
41500 196701
41600 197650
41700 196168
41800 233565
41900 199148
42000 199168
42100 198512
42200 200003
42300 204229
42400 204919
42500 207285
42600 202896
42700 204632
42800 203921
42900 203105
43000 212815
43100 203441
43200 205972
43300 206149
43400 206165
43500 207274
43600 206621
43700 212381
43800 238917
43900 242658
44000 219334
44100 211172
44200 208578
44300 210499
44400 213857
44500 209926
44600 215667
44700 210740
44800 211666
44900 213270
45000 212844
45100 212336
45200 213207
45300 214926
45400 214142
45500 214371
45600 215959
45700 216118
45800 219633
45900 221472
46000 214233
46100 217111
46200 218867
46300 222579
46400 219145
46500 219755
46600 222167
46700 220630
46800 220416
46900 222577
47000 226604
47100 222960
47200 225647
47300 238398
47400 225321
47500 225527
47600 231207
47700 225604
47800 227382
47900 233460
48000 224436
48100 225117
48200 228508
48300 245332
48400 228477
48500 227366
48600 228722
48700 228077
48800 228255
48900 239125
49000 237889
49100 234124
49200 231165
49300 232048
49400 233960
49500 233895
49600 233346
49700 232570
49800 234262
49900 234248
50000 235003
50100 237363
50200 241714
50300 235383
50400 241792
50500 240574
50600 239557
50700 239952
50800 245993
50900 243877
51000 238136
51100 239657
51200 242774
51300 241255
51400 244249
51500 242903
51600 243290
51700 249399
51800 247861
51900 243350
52000 243600
52100 247413
52200 317022
52300 249651
52400 247489
52500 250004
52600 286071
52700 258063
52800 251914
52900 249196
53000 248736
53100 250126
53200 252563
53300 251087
53400 255609
53500 251113
53600 256385
53700 250726
53800 253539
53900 261164
54000 255741
54100 256426
54200 261783
54300 255560
54400 257895
54500 259022
54600 255091
54700 255345
54800 257711
54900 257483
55000 257419
55100 264480
55200 259156
55300 260603
55400 266550
55500 261125
55600 263166
55700 264465
55800 312740
55900 263808
56000 270671
56100 273388
56200 269449
56300 263667
56400 266213
56500 264953
56600 267979
56700 271607
56800 270595
56900 267916
57000 270254
57100 269951
57200 271124
57300 267558
57400 267270
57500 270200
57600 268826
57700 272889
57800 277271
57900 272753
58000 272931
58100 270813
58200 273953
58300 274328
58400 275947
58500 275067
58600 274943
58700 286943
58800 274321
58900 275592
59000 279874
59100 275511
59200 275250
59300 279515
59400 282577
59500 277881
59600 279943
59700 280483
59800 278943
59900 281277
60000 279553
60100 281720
60200 284360
60300 285197
60400 284315
60500 283638
60600 285318
60700 287763
60800 285199
60900 284674
61000 287302
61100 288268
61200 290028
61300 292940
61400 291204
61500 285825
61600 287210
61700 289534
61800 287669
61900 287065
62000 292354
62100 290134
62200 296215
62300 290550
62400 296553
62500 299301
62600 291186
62700 292586
62800 294583
62900 293907
63000 296943
63100 299213
63200 300737
63300 299371
63400 296774
63500 293617
63600 296699
63700 295214
63800 295189
63900 303102
64000 300907
64100 303331
64200 305354
64300 304409
64400 299181
64500 301593
64600 302106
64700 301789
64800 303427
64900 308424
65000 306691
65100 303799
65200 308459
65300 306293
65400 304363
65500 305469
65600 308825
65700 307283
65800 312472
65900 307246
66000 311450
66100 308283
66200 310193
66300 308780
66400 308195
66500 310623
66600 313926
66700 310063
66800 312985
66900 312563
67000 313160
67100 336903
67200 319005
67300 313648
67400 315521
67500 320146
67600 372440
67700 325934
67800 318508
67900 318521
68000 319356
68100 320305
68200 321197
68300 320116
68400 323863
68500 324147
68600 321038
68700 323219
68800 324025
68900 323694
69000 326353
69100 328048
69200 324259
69300 327107
69400 326765
69500 327771
69600 328953
69700 329330
69800 328158
69900 332924
70000 350599
70100 329458
70200 333618
70300 332769
70400 347346
70500 348583
70600 332551
70700 333398
70800 330626
70900 345878
71000 332904
71100 336712
71200 335428
71300 349080
71400 342259
71500 340450
71600 343231
71700 336711
71800 343196
71900 342279
72000 338395
72100 342623
72200 341530
72300 492042
72400 469329
72500 497433
72600 450721
72700 500510
72800 452219
72900 487914
73000 458470
73100 439749
73200 431470
73300 434727
73400 418668
73500 436600
73600 546383
73700 498949
73800 476733
73900 403827
74000 403681
74100 419050
74200 462781
74300 438536
74400 433426
74500 448828
74600 418951
74700 435604
74800 427784
74900 436971
75000 422897
75100 447125
75200 422779
75300 442018
75400 443964
75500 442189
75600 431160
75700 430142
75800 422302
75900 459450
76000 429403
76100 437668
76200 432244
76300 431170
76400 434833
76500 431930
76600 438057
76700 434437
76800 432197
76900 437740
77000 432033
77100 445016
77200 442265
77300 442979
77400 430693
77500 439384
77600 440803
77700 439763
77800 442083
77900 436245
78000 438903
78100 445044
78200 443752
78300 442575
78400 452802
78500 445814
78600 445152
78700 445712
78800 448027
78900 442462
79000 444423
79100 519772
79200 453474
79300 463133
79400 463938
79500 453019
79600 450337
79700 461266
79800 452707
79900 460271
80000 463939
80100 477390
80200 458786
80300 469472
80400 453470
80500 484579
80600 467775
80700 464377
80800 460494
80900 472238
81000 461069
81100 467742
81200 470321
81300 472570
81400 467989
81500 462508
81600 461067
81700 535866
81800 480953
81900 549903
82000 526848
82100 387991
82200 396848
82300 391188
82400 396085
82500 398015
82600 401274
82700 394304
82800 395894
82900 396369
83000 402710
83100 404239
83200 396034
83300 397340
83400 407888
83500 411029
83600 404935
83700 407330
83800 405974
83900 412832
84000 407638
84100 408165
84200 408684
84300 410414
84400 407808
84500 415732
84600 411607
84700 413809
84800 413050
84900 410191
85000 413083
85100 414777
85200 415025
85300 406010
85400 418323
85500 417855
85600 419978
85700 415981
85800 415130
85900 415640
86000 415742
86100 416215
86200 416413
86300 421677
86400 421753
86500 417166
86600 423290
86700 421106
86800 421312
86900 422313
87000 420280
87100 422678
87200 423932
87300 424951
87400 424911
87500 424637
87600 423033
87700 425249
87800 428170
87900 428532
88000 427599
88100 427708
88200 428333
88300 427050
88400 428404
88500 427518
88600 428747
88700 428111
88800 422758
88900 429946
89000 425880
89100 427783
89200 428341
89300 425595
89400 431145
89500 429889
89600 436093
89700 431381
89800 433594
89900 442915
90000 433596
90100 431178
90200 431155
90300 435005
90400 436133
90500 438541
90600 439663
90700 441005
90800 441872
90900 439800
91000 440642
91100 440822
91200 441272
91300 442361
91400 442911
91500 442919
91600 441217
91700 443229
91800 445816
91900 445562
92000 444813
92100 447634
92200 446166
92300 447452
92400 446161
92500 447453
92600 448448
92700 449256
92800 443404
92900 446991
93000 454258
93100 450541
93200 450559
93300 452208
93400 454609
93500 446749
93600 455783
93700 452876
93800 459065
93900 453999
94000 455668
94100 457040
94200 462449
94300 459572
94400 452719
94500 454733
94600 457988
94700 458433
94800 456535
94900 547324
95000 542392
95100 539748
95200 546627
95300 555374
95400 560389
95500 546508
95600 544446
95700 548684
95800 552184
95900 552099
96000 546048
96100 558390
96200 554295
96300 545418
96400 546678
96500 553385
96600 566826
96700 463094
96800 468625
96900 466140
97000 469558
97100 469415
97200 467355
97300 470275
97400 468693
97500 469430
97600 462485
97700 469852
97800 473869
97900 472321
98000 479518
98100 468991
98200 473709
98300 470175
98400 478223
98500 472092
98600 475358
98700 473517
98800 470788
98900 466986
99000 474908
99100 474847
99200 477234
99300 478841
99400 477724
99500 479734
99600 472223
99700 475922
99800 481326
99900 481696
100000 480946
