100 1.012500000000
600 0.954166666667
1100 0.907954545455
1600 0.927343750000
2100 0.930357142857
2600 0.960096153846
3100 0.959274193548
3600 0.953472222222
4100 0.945426829268
4600 0.949728260870
5100 0.945343137255
5600 0.940848214286
6100 0.952663934426
6600 0.942803030303
7100 0.943485915493
7600 0.950986842105
8100 0.939197530864
8600 0.941860465116
9100 0.949862637363
9600 0.948177083333
10100 0.935272277228
10600 0.940330188679
11100 0.948873873874
11600 0.950969827586
12100 0.935847107438
12600 0.945734126984
13100 0.943797709924
13600 0.945588235294
14100 0.950088652482
14600 0.946660958904
15100 0.939155629139
15600 0.947916666667
16100 0.940139751553
16600 0.943373493976
17100 0.947076023392
17600 0.944886363636
18100 0.944267955801
18600 0.952553763441
19100 0.947120418848
19600 0.941326530612
20100 0.939863184080
20600 0.948907766990
21100 0.937736966825
21600 0.943981481481
22100 0.946832579186
22600 0.942699115044
23100 0.950757575758
23600 0.944544491525
24100 0.946887966805
24600 0.951930894309
25100 0.943027888446
25600 0.943457031250
26100 0.944683908046
26600 0.942293233083
27100 0.950230627306
27600 0.945969202899
28100 0.947597864769
28600 0.943138111888
29100 0.947379725086
29600 0.950084459459
30100 0.946470099668
30600 0.946160130719
31100 0.938143086817
31600 0.948655063291
32100 0.945366043614
32600 0.942868098160
33100 0.944108761329
33600 0.941666666667
34100 0.940579178886
34600 0.943713872832
35100 0.945797720798
35600 0.945014044944
36100 0.940443213296
36600 0.942896174863
37100 0.943429919137
37600 0.944315159574
38100 0.941633858268
38600 0.942227979275
39100 0.944437340153
39600 0.946306818182
40100 0.941209476309
40600 0.946644088670
41100 0.945772506083
41600 0.950270432692
42100 0.942606888361
42600 0.944454225352
43100 0.947737819026
43600 0.941599770642
44100 0.939880952381
44600 0.944338565022
45100 0.946341463415
45600 0.940433114035
46100 0.949267895879
46600 0.945144849785
47100 0.939968152866
47600 0.943750000000
48100 0.944438669439
48600 0.949356995885
49100 0.943940936864
49600 0.941658266129
50100 0.945009980040
50600 0.949308300395
51100 0.949584148728
51600 0.944452519380
52100 0.944049904031
52600 0.942846958175
53100 0.945150659134
53600 0.945662313433
54100 0.945055452865
54600 0.947184065934
55100 0.946733212341
55600 0.942828237410
56100 0.942045454545
56600 0.942358657244
57100 0.943432574431
57600 0.945247395833
58100 0.945309810671
58600 0.943963310580
59100 0.947081218274
59600 0.944127516779
60100 0.940058236273
60600 0.941976072607
61100 0.948936170213
61600 0.942451298701
62100 0.945390499195
62600 0.947144568690
63100 0.942016640254
63600 0.941411163522
64100 0.946080343214
64600 0.939202786378
65100 0.943644393241
65600 0.944340701220
66100 0.946066565809
66600 0.944557057057
67100 0.948453800298
67600 0.943528106509
68100 0.940546989721
68600 0.946592565598
69100 0.945839363242
69600 0.940912356322
70100 0.943437945792
70600 0.944564447592
71100 0.944251054852
71600 0.944675279330
72100 0.945509708738
72600 0.946263774105
73100 0.943997948016
73600 0.945838994565
74100 0.945226045884
74600 0.943548927614
75100 0.944474034621
75600 0.944609788360
76100 0.941934954008
76600 0.946328328982
77100 0.943304150454
77600 0.943492268041
78100 0.948303457106
78600 0.944656488550
79100 0.945543615676
79600 0.942603643216
80100 0.943196004994
80600 0.943098635236
81100 0.943942663379
81600 0.942248774510
82100 0.944153471376
82600 0.941873486683
83100 0.943998194946
83600 0.944093899522
84100 0.941082045184
84600 0.946350472813
85100 0.943184488837
85600 0.942873831776
86100 0.943263646922
86600 0.942782909931
87100 0.939968427095
87600 0.942965182648
88100 0.946069807037
88600 0.942903498871
89100 0.945468574635
89600 0.946735491071
90100 0.944395116537
90600 0.942646247241
91100 0.943715697036
91600 0.944527838428
92100 0.945399022801
92600 0.946868250540
93100 0.941460794844
93600 0.945419337607
94100 0.944819341126
94600 0.947568710359
95100 0.943927444795
95600 0.946365062762
96100 0.947047346514
96600 0.942223084886
97100 0.943486096807
97600 0.945402151639
98100 0.944584607543
98600 0.943090770791
99100 0.943075176589
99600 0.945431726908